,0
0,124.0
1,76.0
2,221.0
3,49.0
4,19.0
5,61.0
6,2495.0
7,374.0
8,70.0
9,97.0
10,23.0
11,6.0
12,117.0
13,29.0
14,236.0
15,103.0
16,35.0
17,361.0
18,38.0
19,28.0
20,28.0
21,197.0
22,35.0
23,35.0
24,216.0
25,382.0
26,171.0
27,289.0
28,20.0
29,239.0
30,21.0
31,129.0
32,22.0
33,53.0
34,12.0
35,31.0
36,249.0
37,214.0
38,31.0
39,96.0
40,238.0
41,682.0
42,1077.0
43,397.0
44,831.0
45,425.0
46,231.0
47,519.0
48,707.0
49,76.0
50,130.0
51,134.0
52,15.0
53,25.0
54,484.0
55,37.0
56,78.0
57,59.0
58,820.0
59,135.0
60,52.0
61,81.0
62,116.0
63,97.0
64,137.0
65,23.0
66,44.0
67,89.0
68,17.0
69,44.0
70,36.0
71,93.0
72,124.0
73,89.0
74,20.0
75,21.0
76,71.0
77,200.0
78,78.0
79,92.0
80,73.0
81,10.0
82,155.0
83,192.0
84,72.0
85,144.0
86,250.0
87,140.0
88,249.0
89,103.0
90,211.0
91,212.0
92,41.0
93,35.0
94,37.0
95,30.0
96,115.0
97,107.0
98,49.0
99,326.0
100,55.0
101,9.0
102,125.0
103,136.0
104,187.0
105,126.0
106,218.0
107,104.0
108,145.0
109,145.0
110,29.0
111,549.0
112,346.0
113,365.0
114,396.0
115,374.0
116,33.0
117,106.0
118,16.0
119,6.0
120,218.0
121,16.0
122,267.0
123,125.0
124,176.0
125,212.0
126,38.0
127,204.0
128,144.0
129,367.0
130,457.0
131,73.0
132,430.0
133,3536.0
134,25.0
135,524.0
136,142.0
137,369.0
138,75.0
139,38.0
140,41.0
141,23.0
142,247.0
143,131.0
144,66.0
145,51.0
146,130.0
147,104.0
148,70.0
149,12.0
150,22.0
151,107.0
152,103.0
153,126.0
154,14.0
155,150.0
156,196.0
157,64.0
158,181.0
159,117.0
160,804.0
161,118.0
162,30.0
163,189.0
164,109.0
165,266.0
166,15.0
167,298.0
168,273.0
169,122.0
170,14.0
171,108.0
172,14.0
173,257.0
174,9.0
175,9.0
176,8.0
177,50.0
178,156.0
179,738.0
180,30.0
181,38.0
182,205.0
183,48.0
184,151.0
185,165.0
186,602.0
187,176.0
188,515.0
189,281.0
190,65.0
191,452.0
192,361.0
193,44.0
194,21.0
195,35.0
196,39.0
197,31.0
198,57.0
199,81.0
200,56.0
201,208.0
202,8.0
203,83.0
204,12.0
205,508.0
206,190.0
207,16.0
208,41.0
209,30.0
210,515.0
211,171.0
212,205.0
213,45.0
214,19.0
215,262.0
216,19.0
217,13.0
218,49.0
219,35.0
220,36.0
221,76.0
222,150.0
223,16.0
224,124.0
225,90.0
226,44.0
227,35.0
228,315.0
229,61.0
230,1173.0
231,37.0
232,61.0
233,41.0
234,31.0
235,60.0
236,156.0
237,19.0
238,103.0
239,36.0
240,35.0
241,121.0
242,113.0
243,35.0
244,71.0
245,31.0
246,23.0
247,117.0
248,7.0
249,76.0
250,20.0
251,779.0
252,18.0
253,46.0
254,53.0
255,9.0
256,32.0
257,3.0
258,32.0
259,84.0
260,22.0
261,8.0
262,86.0
263,133.0
264,323.0
265,19.0
266,124.0
267,23.0
268,93.0
269,17.0
270,19.0
271,46.0
272,62.0
273,57.0
274,34.0
275,443.0
276,22.0
277,61.0
278,24.0
279,87.0
280,144.0
281,64.0
282,219.0
283,442.0
284,10.0
285,38.0
286,37.0
287,29.0
288,17.0
289,154.0
290,33.0
291,40.0
292,97.0
293,22.0
294,10.0
295,9.0
296,21.0
297,20.0
298,100.0
299,417.0
300,85.0
301,74.0
302,119.0
303,69.0
304,44.0
305,234.0
306,21.0
307,371.0
308,27.0
309,13.0
310,73.0
311,32.0
312,111.0
313,239.0
314,66.0
315,36.0
316,36.0
317,29.0
318,8.0
319,225.0
320,64.0
321,29.0
322,65.0
323,230.0
324,24.0
325,143.0
326,48.0
327,78.0
328,57.0
329,69.0
330,195.0
331,71.0
332,375.0
333,243.0
334,228.0
335,388.0
336,38.0
337,185.0
338,99.0
339,31.0
340,92.0
341,13.0
342,54.0
343,50.0
344,324.0
345,13.0
346,135.0
347,362.0
348,175.0
349,26.0
350,140.0
351,56.0
352,29.0
353,18.0
354,96.0
355,12.0
356,203.0
357,118.0
358,23.0
359,22.0
360,76.0
361,105.0
362,12.0
363,204.0
364,63.0
365,58.0
366,456.0
367,71.0
368,32.0
369,133.0
370,34.0
371,1199.0
372,315.0
373,44.0
374,19.0
375,19.0
376,11.0
377,54.0
378,541.0
379,127.0
380,40.0
381,33.0
382,33.0
383,14.0
384,51.0
385,183.0
386,66.0
387,699.0
388,11.0
389,89.0
390,166.0
391,94.0
392,21.0
393,423.0
394,47.0
395,79.0
396,52.0
397,320.0
398,57.0
399,167.0
400,67.0
401,164.0
402,245.0
403,13.0
404,12.0
405,43.0
406,42.0
407,73.0
408,159.0
409,534.0
410,37.0
411,99.0
412,10.0
413,17.0
414,55.0
415,72.0
416,13.0
417,30.0
418,111.0
419,23.0
420,43.0
421,491.0
422,340.0
423,276.0
424,244.0
425,216.0
426,206.0
427,192.0
428,177.0
429,32.0
430,14.0
431,80.0
432,17.0
433,127.0
434,9.0
435,34.0
436,33.0
437,13.0
438,101.0
439,55.0
440,28.0
441,77.0
442,34.0
443,23.0
444,18.0
445,32.0
446,24.0
447,78.0
448,32.0
449,16.0
450,99.0
451,48.0
452,68.0
453,19.0
454,40.0
455,51.0
456,48.0
457,71.0
458,20.0
459,28.0
460,10.0
461,63.0
462,885.0
463,22.0
464,197.0
465,30.0
466,19.0
467,90.0
468,175.0
469,58.0
470,104.0
471,8.0
472,286.0
473,8.0
474,25.0
475,217.0
476,138.0
477,39.0
478,19.0
479,48.0
480,145.0
481,23.0
482,105.0
483,17.0
484,15.0
485,57.0
486,8.0
487,390.0
488,53.0
489,82.0
490,137.0
491,409.0
492,28.0
493,32.0
494,34.0
495,58.0
496,92.0
497,481.0
498,82.0
499,48.0
500,118.0
501,114.0
502,184.0
503,117.0
504,45.0
505,118.0
506,133.0
507,26.0
508,459.0
509,132.0
510,59.0
511,133.0
512,108.0
513,18.0
514,57.0
515,247.0
516,108.0
517,178.0
518,222.0
519,88.0
520,223.0
521,21.0
522,19.0
523,221.0
524,13.0
525,99.0
526,20.0
527,25.0
528,52.0
529,11.0
530,11.0
531,536.0
532,54.0
533,28.0
534,155.0
535,102.0
536,36.0
537,287.0
538,104.0
539,160.0
540,148.0
541,20.0
542,86.0
543,12.0
544,49.0
545,367.0
546,37.0
547,46.0
548,161.0
549,627.0
550,110.0
551,53.0
552,314.0
553,31.0
554,86.0
555,433.0
556,95.0
557,577.0
558,349.0
559,21.0
560,17.0
561,56.0
562,13.0
563,82.0
564,47.0
565,301.0
566,28.0
567,15.0
568,89.0
569,110.0
570,27.0
571,27.0
572,84.0
573,16.0
574,104.0
575,53.0
576,36.0
577,648.0
578,131.0
579,7.0
580,111.0
581,11.0
582,36.0
583,97.0
584,406.0
585,85.0
586,71.0
587,141.0
588,17.0
589,17.0
590,242.0
591,162.0
592,46.0
593,59.0
594,125.0
595,72.0
596,372.0
597,16.0
598,75.0
599,110.0
600,26.0
601,9.0
602,269.0
603,8.0
604,14.0
605,13.0
606,363.0
607,21.0
608,124.0
609,9.0
610,120.0
611,252.0
612,42.0
613,82.0
614,45.0
615,158.0
616,25.0
617,209.0
618,168.0
619,562.0
620,34.0
621,133.0
622,110.0
623,34.0
624,318.0
625,57.0
626,10.0
627,38.0
628,120.0
629,24.0
630,103.0
631,123.0
632,71.0
633,190.0
634,368.0
635,115.0
636,248.0
637,70.0
638,100.0
639,728.0
640,113.0
641,99.0
642,94.0
643,31.0
644,12.0
645,38.0
646,52.0
647,24.0
648,59.0
649,27.0
650,53.0
651,12.0
652,76.0
653,18.0
654,45.0
655,156.0
656,37.0
657,14.0
658,56.0
659,32.0
660,36.0
661,13.0
662,42.0
663,29.0
664,6.0
665,9.0
666,57.0
667,12.0
668,93.0
669,185.0
670,44.0
671,151.0
672,25.0
673,141.0
674,266.0
675,68.0
676,95.0
677,127.0
678,111.0
679,38.0
680,53.0
681,9.0
682,4.0
683,113.0
684,27.0
685,299.0
686,6.0
687,26.0
688,22.0
689,117.0
690,72.0
691,52.0
692,218.0
693,47.0
694,57.0
695,55.0
696,85.0
697,33.0
698,7.0
699,117.0
700,95.0
701,89.0
702,200.0
703,44.0
704,120.0
705,5.0
706,16.0
707,199.0
708,177.0
709,15.0
710,191.0
711,44.0
712,48.0
713,76.0
714,33.0
715,25.0
716,24.0
717,35.0
718,10.0
719,13.0
720,30.0
721,164.0
722,199.0
723,12.0
724,18.0
725,127.0
726,124.0
727,47.0
728,173.0
729,40.0
730,101.0
731,147.0
732,34.0
733,40.0
734,65.0
735,32.0
736,146.0
737,85.0
738,158.0
739,15.0
740,191.0
741,109.0
742,74.0
743,7.0
744,74.0
745,42.0
746,11.0
747,349.0
748,926.0
749,158.0
750,49.0
751,55.0
752,11.0
753,13.0
754,22.0
755,38.0
756,26.0
757,38.0
758,485.0
759,171.0
760,10.0
761,125.0
762,14.0
763,55.0
764,4.0
765,134.0
766,78.0
767,123.0
768,32.0
769,74.0
770,342.0
771,23.0
772,120.0
773,67.0
774,10.0
775,31.0
776,102.0
777,87.0
778,132.0
779,33.0
780,45.0
781,15.0
782,317.0
783,61.0
784,95.0
785,123.0
786,35.0
787,26.0
788,24.0
789,159.0
790,118.0
791,354.0
792,60.0
793,28.0
794,51.0
795,37.0
796,10.0
797,70.0
798,62.0
799,88.0
800,11.0
801,44.0
802,51.0
803,43.0
804,33.0
805,36.0
806,84.0
807,64.0
808,14.0
809,129.0
810,37.0
811,77.0
812,99.0
813,73.0
814,18.0
815,209.0
816,57.0
817,78.0
818,83.0
819,126.0
820,114.0
821,122.0
822,82.0
823,133.0
824,30.0
825,59.0
826,23.0
827,67.0
828,77.0
829,10.0
830,8.0
831,143.0
832,86.0
833,17.0
834,37.0
835,70.0
836,55.0
837,201.0
838,110.0
839,59.0
840,66.0
841,70.0
842,57.0
843,16.0
844,8.0
845,37.0
846,132.0
847,24.0
848,49.0
849,64.0
850,222.0
851,60.0
852,14.0
853,26.0
854,101.0
855,14.0
856,21.0
857,38.0
858,36.0
859,292.0
860,80.0
861,12.0
862,33.0
863,533.0
864,39.0
865,46.0
866,8.0
867,55.0
868,45.0
869,47.0
870,16.0
871,254.0
872,12.0
873,272.0
874,162.0
875,64.0
876,80.0
877,51.0
878,18.0
879,4.0
880,30.0
881,16.0
882,220.0
883,73.0
884,61.0
885,387.0
886,10.0
887,218.0
888,50.0
889,462.0
890,116.0
891,55.0
892,35.0
893,69.0
894,188.0
895,126.0
896,39.0
897,74.0
898,54.0
899,225.0
900,19.0
901,18.0
902,44.0
903,126.0
904,30.0
905,233.0
906,14.0
907,13.0
908,19.0
909,38.0
910,47.0
911,13.0
912,53.0
913,263.0
914,88.0
915,212.0
916,358.0
917,27.0
918,133.0
919,11.0
920,534.0
921,20.0
922,112.0
923,20.0
924,86.0
925,18.0
926,25.0
927,15.0
928,15.0
929,19.0
930,36.0
931,61.0
932,50.0
933,69.0
934,41.0
935,34.0
936,13.0
937,20.0
938,58.0
939,30.0
940,69.0
941,28.0
942,30.0
943,9.0
944,12.0
945,65.0
946,75.0
947,17.0
948,20.0
949,143.0
950,18.0
951,68.0
952,20.0
953,29.0
954,58.0
955,31.0
956,119.0
957,56.0
958,32.0
959,35.0
960,58.0
961,17.0
962,132.0
963,146.0
964,169.0
965,9.0
966,36.0
967,17.0
968,14.0
969,36.0
970,95.0
971,68.0
972,17.0
973,16.0
974,12.0
975,112.0
976,29.0
977,17.0
978,393.0
979,84.0
980,129.0
981,27.0
982,9.0
983,79.0
984,37.0
985,74.0
986,12.0
987,92.0
988,150.0
989,205.0
990,8.0
991,89.0
992,104.0
993,10.0
994,34.0
995,329.0
996,23.0
997,12.0
998,29.0
999,17.0
1000,246.0
1001,164.0
1002,11.0
1003,11.0
1004,47.0
1005,16.0
1006,9.0
1007,33.0
1008,90.0
1009,28.0
1010,11.0
1011,227.0
1012,125.0
1013,46.0
1014,43.0
1015,56.0
1016,246.0
1017,10.0
1018,24.0
1019,52.0
1020,33.0
1021,60.0
1022,38.0
1023,162.0
1024,30.0
1025,36.0
1026,11.0
1027,36.0
1028,17.0
1029,182.0
1030,87.0
1031,133.0
1032,25.0
1033,67.0
1034,73.0
1035,37.0
1036,21.0
1037,21.0
1038,15.0
1039,9.0
1040,46.0
1041,65.0
1042,7.0
1043,97.0
1044,2.0
1045,22.0
1046,15.0
1047,28.0
1048,120.0
1049,13.0
1050,19.0
1051,11.0
1052,37.0
1053,12.0
1054,15.0
1055,15.0
1056,165.0
1057,96.0
1058,13.0
1059,149.0
1060,108.0
1061,52.0
1062,11.0
1063,22.0
1064,26.0
1065,28.0
1066,93.0
1067,21.0
1068,67.0
1069,54.0
1070,16.0
1071,108.0
1072,266.0
1073,123.0
1074,67.0
1075,22.0
1076,130.0
1077,118.0
1078,9.0
1079,54.0
1080,30.0
1081,46.0
1082,41.0
1083,10.0
1084,33.0
1085,17.0
1086,67.0
1087,38.0
1088,157.0
1089,128.0
1090,73.0
1091,233.0
1092,70.0
1093,17.0
1094,267.0
1095,67.0
1096,203.0
1097,32.0
1098,81.0
1099,58.0
1100,154.0
1101,99.0
1102,74.0
1103,26.0
1104,10.0
1105,114.0
1106,10.0
1107,60.0
1108,12.0
1109,72.0
1110,48.0
1111,87.0
1112,70.0
1113,77.0
1114,36.0
1115,142.0
1116,141.0
1117,62.0
1118,104.0
1119,25.0
1120,12.0
1121,34.0
1122,168.0
1123,60.0
1124,11.0
1125,32.0
1126,10.0
1127,130.0
1128,9.0
1129,96.0
1130,35.0
1131,7.0
1132,23.0
1133,30.0
1134,9.0
1135,58.0
1136,54.0
1137,38.0
1138,20.0
1139,33.0
1140,10.0
1141,11.0
1142,23.0
1143,125.0
1144,27.0
1145,30.0
1146,10.0
1147,66.0
1148,12.0
1149,55.0
1150,13.0
1151,42.0
1152,25.0
1153,34.0
1154,266.0
1155,54.0
1156,7.0
1157,227.0
1158,12.0
1159,196.0
1160,15.0
1161,84.0
1162,79.0
1163,20.0
1164,77.0
1165,79.0
1166,32.0
1167,24.0
1168,10.0
1169,402.0
1170,28.0
1171,124.0
1172,91.0
1173,53.0
1174,33.0
1175,63.0
1176,99.0
1177,47.0
1178,9.0
1179,100.0
1180,7.0
1181,13.0
1182,40.0
1183,9.0
1184,117.0
1185,61.0
1186,28.0
1187,34.0
1188,11.0
1189,20.0
1190,34.0
1191,14.0
1192,81.0
1193,36.0
1194,19.0
1195,19.0
1196,45.0
1197,17.0
1198,21.0
1199,16.0
1200,39.0
1201,25.0
1202,387.0
1203,261.0
1204,30.0
1205,21.0
1206,287.0
1207,58.0
1208,9.0
1209,303.0
1210,9.0
1211,9.0
1212,38.0
1213,86.0
1214,9.0
1215,11.0
1216,266.0
1217,5.0
1218,254.0
1219,22.0
1220,6.0
1221,162.0
1222,28.0
1223,203.0
1224,23.0
1225,309.0
1226,11.0
1227,47.0
1228,19.0
1229,65.0
1230,23.0
1231,36.0
1232,198.0
1233,13.0
1234,17.0
1235,31.0
1236,60.0
1237,14.0
1238,12.0
1239,20.0
1240,114.0
1241,138.0
1242,323.0
1243,61.0
1244,218.0
1245,63.0
1246,49.0
1247,124.0
1248,66.0
1249,26.0
1250,15.0
1251,186.0
1252,88.0
1253,17.0
1254,127.0
1255,115.0
1256,55.0
1257,44.0
1258,21.0
1259,21.0
1260,103.0
1261,8.0
1262,24.0
1263,301.0
1264,11.0
1265,40.0
1266,105.0
1267,50.0
1268,43.0
1269,20.0
1270,112.0
1271,16.0
1272,20.0
1273,18.0
1274,10.0
1275,36.0
1276,333.0
1277,131.0
1278,9.0
1279,10.0
1280,28.0
1281,10.0
1282,157.0
1283,23.0
1284,53.0
1285,118.0
1286,132.0
1287,20.0
1288,95.0
1289,91.0
1290,59.0
1291,107.0
1292,58.0
1293,27.0
1294,8.0
1295,70.0
1296,95.0
1297,13.0
1298,49.0
1299,24.0
1300,21.0
1301,16.0
1302,42.0
1303,84.0
1304,115.0
1305,106.0
1306,113.0
1307,67.0
1308,50.0
1309,16.0
1310,24.0
1311,18.0
1312,19.0
1313,59.0
1314,17.0
1315,48.0
1316,72.0
1317,75.0
1318,43.0
1319,60.0
1320,121.0
1321,47.0
1322,16.0
1323,35.0
1324,70.0
1325,17.0
1326,100.0
1327,23.0
1328,73.0
1329,68.0
1330,45.0
1331,18.0
1332,95.0
1333,17.0
1334,82.0
1335,73.0
1336,12.0
1337,11.0
1338,47.0
1339,87.0
1340,57.0
1341,123.0
1342,62.0
1343,86.0
1344,36.0
1345,20.0
1346,29.0
1347,79.0
1348,11.0
1349,15.0
1350,89.0
1351,31.0
1352,89.0
1353,109.0
1354,145.0
1355,134.0
1356,18.0
1357,53.0
1358,39.0
1359,177.0
1360,30.0
1361,57.0
1362,35.0
1363,64.0
1364,161.0
1365,23.0
1366,73.0
1367,210.0
1368,69.0
1369,77.0
1370,105.0
1371,56.0
1372,9.0
1373,10.0
1374,8.0
1375,23.0
1376,85.0
1377,47.0
1378,7.0
1379,74.0
1380,18.0
1381,21.0
1382,69.0
1383,8.0
1384,11.0
1385,56.0
1386,62.0
1387,28.0
1388,27.0
1389,19.0
1390,11.0
1391,35.0
1392,123.0
1393,17.0
1394,30.0
1395,91.0
1396,16.0
1397,40.0
1398,39.0
1399,92.0
1400,47.0
1401,79.0
1402,14.0
1403,42.0
1404,188.0
1405,50.0
1406,200.0
1407,141.0
1408,19.0
1409,35.0
1410,26.0
1411,53.0
1412,38.0
1413,27.0
1414,65.0
1415,13.0
1416,31.0
1417,115.0
1418,47.0
1419,192.0
1420,79.0
1421,77.0
1422,141.0
1423,22.0
1424,44.0
1425,73.0
1426,8.0
1427,27.0
1428,40.0
1429,88.0
1430,91.0
1431,30.0
1432,15.0
1433,82.0
1434,83.0
1435,29.0
1436,54.0
1437,10.0
1438,22.0
1439,38.0
1440,8.0
1441,10.0
1442,252.0
1443,33.0
1444,68.0
1445,8.0
1446,34.0
1447,81.0
1448,124.0
1449,29.0
1450,54.0
1451,143.0
1452,154.0
1453,35.0
1454,60.0
1455,84.0
1456,12.0
1457,14.0
1458,34.0
1459,42.0
1460,30.0
1461,28.0
1462,27.0
1463,19.0
1464,13.0
1465,89.0
1466,66.0
1467,24.0
1468,13.0
1469,11.0
1470,35.0
1471,10.0
1472,24.0
1473,321.0
1474,48.0
1475,90.0
1476,26.0
1477,29.0
1478,13.0
1479,56.0
1480,53.0
1481,50.0
1482,139.0
1483,86.0
1484,107.0
1485,101.0
1486,66.0
1487,13.0
1488,159.0
1489,9.0
1490,45.0
1491,59.0
1492,11.0
1493,43.0
1494,47.0
1495,13.0
1496,55.0
1497,29.0
1498,107.0
1499,18.0
1500,23.0
1501,23.0
1502,30.0
1503,60.0
1504,39.0
1505,54.0
1506,173.0
1507,71.0
1508,16.0
1509,62.0
1510,22.0
1511,31.0
1512,31.0
1513,154.0
1514,9.0
1515,137.0
1516,142.0
1517,40.0
1518,60.0
1519,219.0
1520,13.0
1521,26.0
1522,53.0
1523,12.0
1524,172.0
1525,51.0
1526,12.0
1527,53.0
1528,15.0
1529,10.0
1530,22.0
1531,32.0
1532,71.0
1533,116.0
1534,158.0
1535,51.0
1536,59.0
1537,67.0
1538,5.0
1539,171.0
1540,70.0
1541,68.0
1542,60.0
1543,80.0
1544,60.0
1545,41.0
1546,52.0
1547,23.0
1548,119.0
1549,25.0
1550,24.0
1551,18.0
1552,20.0
1553,21.0
1554,91.0
1555,8.0
1556,98.0
1557,30.0
1558,36.0
1559,19.0
1560,26.0
1561,9.0
1562,27.0
1563,16.0
1564,60.0
1565,14.0
1566,27.0
1567,65.0
1568,55.0
1569,39.0
1570,17.0
1571,10.0
1572,10.0
1573,48.0
1574,64.0
1575,14.0
1576,56.0
1577,68.0
1578,11.0
1579,9.0
1580,90.0
1581,15.0
1582,30.0
1583,22.0
1584,90.0
1585,13.0
1586,5.0
1587,33.0
1588,48.0
1589,8.0
1590,14.0
1591,46.0
1592,69.0
1593,128.0
1594,89.0
1595,13.0
1596,26.0
1597,20.0
1598,100.0
1599,169.0
1600,14.0
1601,15.0
1602,35.0
1603,11.0
1604,142.0
1605,12.0
1606,8.0
1607,42.0
1608,30.0
1609,22.0
1610,30.0
1611,20.0
1612,27.0
1613,15.0
1614,59.0
1615,54.0
1616,132.0
1617,93.0
1618,36.0
1619,83.0
1620,11.0
1621,81.0
1622,47.0
1623,26.0
1624,49.0
1625,40.0
1626,32.0
1627,20.0
1628,86.0
1629,32.0
1630,46.0
1631,40.0
1632,115.0
1633,30.0
1634,60.0
1635,63.0
1636,61.0
1637,108.0
1638,91.0
1639,20.0
1640,285.0
1641,20.0
1642,451.0
1643,82.0
1644,50.0
1645,63.0
1646,49.0
1647,42.0
1648,34.0
1649,45.0
1650,18.0
1651,8.0
1652,30.0
1653,74.0
1654,66.0
1655,66.0
1656,27.0
1657,70.0
1658,27.0
1659,93.0
1660,49.0
1661,31.0
1662,80.0
1663,11.0
1664,38.0
1665,30.0
1666,7.0
1667,24.0
1668,141.0
1669,43.0
1670,30.0
1671,9.0
1672,15.0
1673,11.0
1674,33.0
1675,23.0
1676,11.0
1677,76.0
1678,6.0
1679,29.0
1680,68.0
1681,9.0
1682,47.0
1683,111.0
1684,69.0
1685,82.0
1686,53.0
1687,23.0
1688,75.0
1689,39.0
1690,64.0
1691,44.0
1692,19.0
1693,87.0
1694,57.0
1695,152.0
1696,56.0
1697,66.0
1698,135.0
1699,184.0
1700,81.0
1701,88.0
1702,42.0
1703,236.0
1704,29.0
1705,83.0
1706,52.0
1707,23.0
1708,40.0
1709,30.0
1710,113.0
1711,52.0
1712,13.0
1713,7.0
1714,12.0
1715,74.0
1716,111.0
1717,17.0
1718,36.0
1719,101.0
1720,22.0
1721,71.0
1722,54.0
1723,71.0
1724,40.0
1725,29.0
1726,141.0
1727,42.0
1728,14.0
1729,17.0
1730,84.0
1731,14.0
1732,359.0
1733,59.0
1734,14.0
1735,64.0
1736,20.0
1737,68.0
1738,107.0
1739,12.0
1740,59.0
1741,104.0
1742,62.0
1743,398.0
1744,209.0
1745,15.0
1746,19.0
1747,161.0
1748,40.0
1749,24.0
1750,19.0
1751,44.0
1752,14.0
1753,26.0
1754,6.0
1755,54.0
1756,17.0
1757,23.0
1758,13.0
1759,20.0
1760,26.0
1761,119.0
1762,143.0
1763,8.0
1764,35.0
1765,25.0
1766,25.0
1767,11.0
1768,35.0
1769,258.0
1770,266.0
1771,40.0
1772,13.0
1773,11.0
1774,55.0
1775,16.0
1776,22.0
1777,31.0
1778,100.0
1779,33.0
1780,49.0
1781,62.0
1782,8.0
1783,17.0
1784,21.0
1785,111.0
1786,23.0
1787,16.0
1788,39.0
1789,30.0
1790,165.0
1791,14.0
1792,81.0
1793,361.0
1794,14.0
1795,31.0
1796,43.0
1797,9.0
1798,23.0
1799,135.0
1800,57.0
1801,11.0
1802,65.0
1803,11.0
1804,11.0
1805,62.0
1806,15.0
1807,11.0
1808,19.0
1809,14.0
1810,8.0
1811,10.0
1812,7.0
1813,8.0
1814,47.0
1815,19.0
1816,51.0
1817,46.0
1818,57.0
1819,43.0
1820,30.0
1821,126.0
1822,83.0
1823,47.0
1824,33.0
1825,51.0
1826,37.0
1827,30.0
1828,51.0
1829,36.0
1830,75.0
1831,12.0
1832,32.0
1833,33.0
1834,46.0
1835,24.0
1836,115.0
1837,76.0
1838,11.0
1839,42.0
1840,20.0
1841,16.0
1842,73.0
1843,10.0
1844,11.0
1845,6.0
1846,18.0
1847,177.0
1848,23.0
1849,11.0
1850,18.0
1851,152.0
1852,78.0
1853,157.0
1854,75.0
1855,33.0
1856,70.0
1857,56.0
1858,39.0
1859,30.0
1860,188.0
1861,13.0
1862,37.0
1863,60.0
1864,9.0
1865,46.0
1866,100.0
1867,16.0
1868,21.0
1869,18.0
1870,11.0
1871,74.0
1872,186.0
1873,43.0
1874,18.0
1875,126.0
1876,27.0
1877,27.0
1878,11.0
1879,9.0
1880,19.0
1881,61.0
1882,12.0
1883,230.0
1884,72.0
1885,31.0
1886,94.0
1887,8.0
1888,25.0
1889,43.0
1890,24.0
1891,27.0
1892,123.0
1893,122.0
1894,100.0
1895,116.0
1896,43.0
1897,51.0
1898,30.0
1899,41.0
1900,72.0
1901,22.0
1902,40.0
1903,33.0
1904,18.0
1905,32.0
1906,68.0
1907,78.0
1908,54.0
1909,48.0
1910,14.0
1911,34.0
1912,40.0
1913,17.0
1914,11.0
1915,72.0
1916,29.0
1917,28.0
1918,44.0
1919,14.0
1920,58.0
1921,91.0
1922,240.0
1923,18.0
1924,9.0
1925,46.0
1926,96.0
1927,66.0
1928,16.0
1929,26.0
1930,10.0
1931,23.0
1932,9.0
1933,167.0
1934,26.0
1935,17.0
1936,8.0
1937,6.0
1938,127.0
1939,6.0
1940,8.0
1941,118.0
1942,26.0
1943,51.0
1944,19.0
1945,212.0
1946,25.0
1947,98.0
1948,10.0
1949,43.0
1950,66.0
1951,66.0
1952,130.0
1953,21.0
1954,84.0
1955,34.0
1956,39.0
1957,82.0
1958,33.0
1959,24.0
1960,42.0
1961,330.0
1962,52.0
1963,30.0
1964,85.0
1965,58.0
1966,62.0
1967,176.0
1968,15.0
1969,15.0
1970,40.0
1971,13.0
1972,10.0
1973,13.0
1974,92.0
1975,21.0
1976,21.0
1977,16.0
1978,13.0
1979,35.0
1980,14.0
1981,12.0
1982,25.0
1983,14.0
1984,16.0
1985,10.0
1986,118.0
1987,8.0
1988,13.0
1989,20.0
1990,27.0
1991,63.0
1992,48.0
1993,141.0
1994,191.0
1995,32.0
1996,26.0
1997,19.0
1998,119.0
1999,21.0
2000,300.0
2001,33.0
2002,57.0
2003,91.0
2004,9.0
2005,22.0
2006,55.0
2007,23.0
2008,83.0
2009,144.0
2010,28.0
2011,54.0
2012,43.0
2013,34.0
2014,21.0
2015,28.0
2016,16.0
2017,26.0
2018,34.0
2019,49.0
2020,32.0
2021,76.0
2022,27.0
2023,54.0
2024,27.0
2025,19.0
2026,47.0
2027,166.0
2028,6.0
2029,11.0
2030,20.0
2031,27.0
2032,29.0
2033,52.0
2034,11.0
2035,9.0
2036,28.0
2037,26.0
2038,18.0
2039,169.0
2040,98.0
2041,44.0
2042,7.0
2043,6.0
2044,173.0
2045,18.0
2046,111.0
2047,15.0
2048,6.0
2049,98.0
2050,25.0
2051,57.0
2052,24.0
2053,9.0
2054,18.0
2055,21.0
2056,28.0
2057,42.0
2058,43.0
2059,31.0
2060,20.0
2061,37.0
2062,17.0
2063,35.0
2064,42.0
2065,24.0
2066,23.0
2067,26.0
2068,17.0
2069,25.0
2070,114.0
2071,85.0
2072,15.0
2073,208.0
2074,12.0
2075,9.0
2076,28.0
2077,105.0
2078,46.0
2079,64.0
2080,82.0
2081,16.0
2082,22.0
2083,19.0
2084,88.0
2085,13.0
2086,18.0
2087,66.0
2088,16.0
2089,19.0
2090,87.0
2091,64.0
2092,108.0
2093,22.0
2094,24.0
2095,21.0
2096,39.0
2097,10.0
2098,48.0
2099,12.0
2100,27.0
2101,102.0
2102,15.0
2103,68.0
2104,25.0
2105,104.0
2106,16.0
2107,71.0
2108,71.0
2109,75.0
2110,52.0
2111,69.0
2112,42.0
2113,84.0
2114,21.0
2115,16.0
2116,74.0
2117,80.0
2118,38.0
2119,52.0
2120,34.0
2121,30.0
2122,20.0
2123,18.0
2124,49.0
2125,14.0
2126,7.0
2127,135.0
2128,113.0
2129,89.0
2130,13.0
2131,36.0
2132,34.0
2133,11.0
2134,26.0
2135,101.0
2136,48.0
2137,38.0
2138,13.0
2139,29.0
2140,72.0
2141,42.0
2142,70.0
2143,14.0
2144,32.0
2145,16.0
2146,11.0
2147,256.0
2148,11.0
2149,113.0
2150,109.0
2151,24.0
2152,33.0
2153,15.0
2154,29.0
2155,30.0
2156,6.0
2157,23.0
2158,42.0
2159,111.0
2160,27.0
2161,79.0
2162,163.0
2163,75.0
2164,28.0
2165,12.0
2166,69.0
2167,14.0
2168,7.0
2169,30.0
2170,126.0
2171,17.0
2172,24.0
2173,14.0
2174,13.0
2175,117.0
2176,54.0
2177,75.0
2178,21.0
2179,211.0
2180,35.0
2181,37.0
2182,54.0
2183,21.0
2184,14.0
2185,29.0
2186,30.0
2187,143.0
2188,14.0
2189,120.0
2190,21.0
2191,34.0
2192,23.0
2193,27.0
2194,11.0
2195,102.0
2196,83.0
2197,38.0
2198,23.0
2199,38.0
2200,40.0
2201,30.0
2202,10.0
2203,50.0
2204,55.0
2205,61.0
2206,12.0
2207,25.0
2208,12.0
2209,25.0
2210,9.0
2211,32.0
2212,22.0
2213,110.0
2214,14.0
2215,26.0
2216,61.0
2217,16.0
2218,8.0
2219,118.0
2220,116.0
2221,57.0
2222,112.0
2223,58.0
2224,40.0
2225,294.0
2226,29.0
2227,25.0
2228,16.0
2229,63.0
2230,15.0
2231,151.0
2232,19.0
2233,29.0
2234,9.0
2235,10.0
2236,50.0
2237,11.0
2238,33.0
2239,17.0
2240,48.0
2241,9.0
2242,29.0
2243,41.0
2244,65.0
2245,35.0
2246,25.0
2247,146.0
2248,164.0
2249,265.0
2250,20.0
2251,53.0
2252,98.0
2253,12.0
2254,13.0
2255,106.0
2256,79.0
2257,35.0
2258,24.0
2259,75.0
2260,8.0
2261,47.0
2262,29.0
2263,47.0
2264,43.0
2265,26.0
2266,50.0
2267,23.0
2268,24.0
2269,75.0
2270,13.0
2271,15.0
2272,21.0
2273,17.0
2274,26.0
2275,6.0
2276,23.0
2277,26.0
2278,44.0
2279,7.0
2280,25.0
2281,12.0
2282,19.0
2283,102.0
2284,24.0
2285,47.0
2286,11.0
2287,24.0
2288,18.0
2289,45.0
2290,46.0
2291,72.0
2292,150.0
2293,147.0
2294,100.0
2295,33.0
2296,19.0
2297,117.0
2298,68.0
2299,78.0
2300,59.0
2301,28.0
2302,43.0
2303,13.0
2304,15.0
2305,40.0
2306,23.0
2307,26.0
2308,99.0
2309,18.0
2310,49.0
2311,66.0
2312,200.0
2313,41.0
2314,11.0
2315,28.0
2316,37.0
2317,28.0
2318,11.0
2319,26.0
2320,25.0
2321,59.0
2322,42.0
2323,120.0
2324,19.0
2325,298.0
2326,28.0
2327,38.0
2328,27.0
2329,64.0
2330,113.0
2331,30.0
2332,185.0
2333,63.0
2334,198.0
2335,21.0
2336,17.0
2337,14.0
2338,17.0
2339,51.0
2340,46.0
2341,19.0
2342,42.0
2343,55.0
2344,27.0
2345,55.0
2346,7.0
2347,75.0
2348,66.0
2349,33.0
2350,15.0
2351,11.0
2352,9.0
2353,48.0
2354,18.0
2355,40.0
2356,45.0
2357,70.0
2358,34.0
2359,53.0
2360,10.0
2361,11.0
2362,77.0
2363,8.0
2364,15.0
2365,69.0
2366,21.0
2367,139.0
2368,66.0
2369,68.0
2370,50.0
2371,12.0
2372,46.0
2373,14.0
2374,11.0
2375,24.0
2376,6.0
2377,33.0
2378,11.0
2379,12.0
2380,11.0
2381,40.0
2382,10.0
2383,10.0
2384,31.0
2385,117.0
2386,14.0
2387,31.0
2388,57.0
2389,10.0
2390,13.0
2391,35.0
2392,98.0
2393,89.0
2394,31.0
2395,59.0
2396,63.0
2397,46.0
2398,13.0
2399,35.0
2400,17.0
2401,25.0
2402,14.0
2403,11.0
2404,25.0
2405,27.0
2406,144.0
2407,110.0
2408,40.0
2409,65.0
2410,146.0
2411,33.0
2412,27.0
2413,32.0
2414,48.0
2415,86.0
2416,30.0
2417,74.0
2418,137.0
2419,8.0
2420,89.0
2421,23.0
2422,10.0
2423,12.0
2424,13.0
2425,51.0
2426,7.0
2427,118.0
2428,33.0
2429,80.0
2430,72.0
2431,88.0
2432,12.0
2433,12.0
2434,11.0
2435,36.0
2436,15.0
2437,39.0
2438,27.0
2439,39.0
2440,53.0
2441,22.0
2442,79.0
2443,83.0
2444,121.0
2445,45.0
2446,56.0
2447,11.0
2448,28.0
2449,17.0
2450,10.0
2451,11.0
2452,133.0
2453,101.0
2454,15.0
2455,20.0
2456,47.0
2457,52.0
2458,48.0
2459,12.0
2460,13.0
2461,25.0
2462,45.0
2463,98.0
2464,17.0
2465,27.0
2466,39.0
2467,59.0
2468,59.0
2469,110.0
2470,65.0
2471,48.0
2472,31.0
2473,8.0
2474,19.0
2475,19.0
2476,12.0
2477,43.0
2478,35.0
2479,25.0
2480,61.0
2481,193.0
2482,12.0
2483,16.0
2484,18.0
2485,25.0
2486,11.0
2487,16.0
2488,38.0
2489,14.0
2490,30.0
2491,48.0
2492,17.0
2493,22.0
2494,32.0
2495,103.0
2496,20.0
2497,48.0
2498,35.0
2499,23.0
2500,36.0
2501,75.0
2502,40.0
2503,47.0
2504,33.0
2505,72.0
2506,16.0
2507,8.0
2508,20.0
2509,14.0
2510,13.0
2511,8.0
2512,24.0
2513,266.0
2514,58.0
2515,27.0
2516,81.0
2517,31.0
2518,95.0
2519,60.0
2520,66.0
2521,130.0
2522,44.0
2523,42.0
2524,57.0
2525,24.0
2526,71.0
2527,17.0
2528,11.0
2529,202.0
2530,9.0
2531,19.0
2532,10.0
2533,48.0
2534,9.0
2535,33.0
2536,50.0
2537,42.0
2538,49.0
2539,175.0
2540,39.0
2541,41.0
2542,10.0
2543,30.0
2544,60.0
2545,116.0
2546,67.0
2547,13.0
2548,24.0
2549,61.0
2550,33.0
2551,170.0
2552,51.0
2553,15.0
2554,45.0
2555,32.0
2556,66.0
2557,20.0
2558,26.0
2559,13.0
2560,170.0
2561,73.0
2562,37.0
2563,47.0
2564,57.0
2565,36.0
2566,11.0
2567,25.0
2568,14.0
2569,55.0
2570,70.0
2571,81.0
2572,20.0
2573,32.0
2574,388.0
2575,19.0
2576,15.0
2577,8.0
2578,24.0
2579,45.0
2580,32.0
2581,53.0
2582,14.0
2583,9.0
2584,52.0
2585,14.0
2586,49.0
2587,35.0
2588,64.0
2589,31.0
2590,19.0
2591,12.0
2592,31.0
2593,9.0
2594,197.0
2595,25.0
2596,70.0
2597,44.0
2598,15.0
2599,26.0
2600,67.0
2601,18.0
2602,29.0
2603,67.0
2604,15.0
2605,8.0
2606,114.0
2607,13.0
2608,40.0
2609,51.0
2610,18.0
2611,22.0
2612,25.0
2613,12.0
2614,67.0
2615,17.0
2616,54.0
2617,60.0
2618,28.0
2619,31.0
2620,35.0
2621,110.0
2622,98.0
2623,13.0
2624,35.0
2625,72.0
2626,30.0
2627,14.0
2628,63.0
2629,19.0
2630,37.0
2631,20.0
2632,7.0
2633,52.0
2634,55.0
2635,13.0
2636,28.0
2637,228.0
2638,17.0
2639,10.0
2640,12.0
2641,15.0
2642,23.0
2643,12.0
2644,83.0
2645,52.0
2646,60.0
2647,31.0
2648,32.0
2649,44.0
2650,17.0
2651,66.0
2652,40.0
2653,52.0
2654,54.0
2655,9.0
2656,46.0
2657,34.0
2658,48.0
2659,22.0
2660,13.0
2661,112.0
2662,37.0
2663,15.0
2664,58.0
2665,37.0
2666,70.0
2667,19.0
2668,37.0
2669,18.0
2670,66.0
2671,87.0
2672,13.0
2673,16.0
2674,31.0
2675,11.0
2676,7.0
2677,15.0
2678,30.0
2679,9.0
2680,28.0
2681,8.0
2682,8.0
2683,63.0
2684,10.0
2685,17.0
2686,34.0
2687,105.0
2688,46.0
2689,33.0
2690,22.0
2691,18.0
2692,28.0
2693,14.0
2694,14.0
2695,12.0
2696,97.0
2697,11.0
2698,9.0
2699,27.0
2700,117.0
2701,34.0
2702,85.0
2703,9.0
2704,24.0
2705,36.0
2706,19.0
2707,22.0
2708,15.0
2709,16.0
2710,12.0
2711,11.0
2712,40.0
2713,6.0
2714,46.0
2715,51.0
2716,10.0
2717,58.0
2718,19.0
2719,47.0
2720,38.0
2721,22.0
2722,58.0
2723,49.0
2724,56.0
2725,8.0
2726,32.0
2727,28.0
2728,96.0
2729,46.0
2730,14.0
2731,21.0
2732,20.0
2733,15.0
2734,16.0
2735,19.0
2736,9.0
2737,33.0
2738,27.0
2739,13.0
2740,31.0
2741,56.0
2742,74.0
2743,27.0
2744,52.0
2745,29.0
2746,25.0
2747,37.0
2748,25.0
2749,24.0
2750,88.0
2751,14.0
2752,81.0
2753,41.0
2754,44.0
2755,19.0
2756,14.0
2757,12.0
2758,14.0
2759,47.0
2760,53.0
2761,61.0
2762,4.0
2763,49.0
2764,27.0
2765,9.0
2766,68.0
2767,43.0
2768,126.0
2769,54.0
2770,39.0
2771,73.0
2772,8.0
2773,60.0
2774,24.0
2775,54.0
2776,20.0
2777,16.0
2778,6.0
2779,111.0
2780,32.0
2781,29.0
2782,44.0
2783,72.0
2784,21.0
2785,12.0
2786,16.0
2787,71.0
2788,14.0
2789,18.0
2790,25.0
2791,92.0
2792,58.0
2793,9.0
2794,12.0
2795,23.0
2796,51.0
2797,101.0
2798,11.0
2799,17.0
2800,32.0
2801,29.0
2802,39.0
2803,8.0
2804,11.0
2805,25.0
2806,20.0
2807,19.0
2808,14.0
2809,37.0
2810,47.0
2811,15.0
2812,109.0
2813,152.0
2814,9.0
2815,9.0
2816,34.0
2817,29.0
2818,9.0
2819,70.0
2820,101.0
2821,15.0
2822,152.0
2823,54.0
2824,14.0
2825,22.0
2826,10.0
2827,81.0
2828,22.0
2829,40.0
2830,80.0
2831,71.0
2832,13.0
2833,7.0
2834,15.0
2835,20.0
2836,12.0
2837,17.0
2838,15.0
2839,10.0
2840,18.0
2841,17.0
2842,9.0
2843,13.0
2844,29.0
2845,12.0
2846,81.0
2847,19.0
2848,6.0
2849,6.0
2850,5.0
2851,41.0
2852,12.0
2853,23.0
2854,15.0
2855,20.0
2856,55.0
2857,32.0
2858,61.0
2859,19.0
2860,16.0
2861,14.0
2862,153.0
2863,33.0
2864,21.0
2865,38.0
2866,83.0
2867,47.0
2868,64.0
2869,61.0
2870,11.0
2871,9.0
2872,125.0
2873,32.0
2874,17.0
2875,17.0
2876,83.0
2877,13.0
2878,49.0
2879,32.0
2880,10.0
2881,44.0
2882,42.0
2883,22.0
2884,23.0
2885,9.0
2886,16.0
2887,14.0
2888,53.0
2889,45.0
2890,9.0
2891,9.0
2892,51.0
2893,21.0
2894,18.0
2895,22.0
2896,17.0
2897,13.0
2898,10.0
2899,95.0
2900,83.0
2901,23.0
2902,22.0
2903,12.0
2904,28.0
2905,106.0
2906,44.0
2907,27.0
2908,27.0
2909,10.0
2910,39.0
2911,36.0
2912,30.0
2913,7.0
2914,32.0
2915,44.0
2916,8.0
2917,114.0
2918,10.0
2919,15.0
2920,29.0
2921,25.0
2922,163.0
2923,14.0
2924,48.0
2925,44.0
2926,9.0
2927,53.0
2928,47.0
2929,52.0
2930,12.0
2931,33.0
2932,23.0
2933,14.0
2934,135.0
2935,37.0
2936,9.0
2937,14.0
2938,31.0
2939,18.0
2940,18.0
2941,19.0
2942,63.0
2943,64.0
2944,16.0
2945,34.0
2946,14.0
2947,11.0
2948,10.0
2949,29.0
2950,27.0
2951,11.0
2952,35.0
2953,92.0
2954,69.0
2955,81.0
2956,21.0
2957,70.0
2958,66.0
2959,169.0
2960,44.0
2961,22.0
2962,45.0
2963,134.0
2964,9.0
2965,14.0
2966,85.0
2967,80.0
2968,46.0
2969,36.0
2970,14.0
2971,10.0
2972,56.0
2973,8.0
2974,31.0
2975,12.0
2976,31.0
2977,63.0
2978,53.0
2979,11.0
2980,66.0
2981,28.0
2982,68.0
2983,8.0
2984,69.0
2985,43.0
2986,10.0
2987,199.0
2988,27.0
2989,35.0
2990,9.0
2991,56.0
2992,30.0
2993,128.0
2994,18.0
2995,143.0
2996,10.0
2997,22.0
2998,36.0
2999,14.0
3000,32.0
3001,59.0
3002,49.0
3003,18.0
3004,16.0
3005,15.0
3006,33.0
3007,10.0
3008,15.0
3009,33.0
3010,16.0
3011,11.0
3012,12.0
3013,48.0
3014,6.0
3015,115.0
3016,18.0
3017,25.0
3018,105.0
3019,50.0
3020,52.0
3021,21.0
3022,18.0
3023,45.0
3024,13.0
3025,15.0
3026,50.0
3027,21.0
3028,10.0
3029,20.0
3030,16.0
3031,40.0
3032,12.0
3033,60.0
3034,8.0
3035,93.0
3036,38.0
3037,13.0
3038,86.0
3039,16.0
3040,52.0
3041,74.0
3042,7.0
3043,36.0
3044,29.0
3045,7.0
3046,13.0
3047,38.0
3048,29.0
3049,13.0
3050,58.0
3051,30.0
3052,19.0
3053,52.0
3054,24.0
3055,18.0
3056,20.0
3057,40.0
3058,53.0
3059,33.0
3060,16.0
3061,34.0
3062,6.0
3063,23.0
3064,9.0
3065,32.0
3066,12.0
3067,37.0
3068,14.0
3069,49.0
3070,52.0
3071,8.0
3072,16.0
3073,15.0
3074,27.0
3075,83.0
3076,48.0
3077,15.0
3078,9.0
3079,71.0
3080,23.0
3081,101.0
3082,54.0
3083,63.0
3084,74.0
3085,58.0
3086,31.0
3087,31.0
3088,22.0
3089,32.0
3090,50.0
3091,20.0
3092,63.0
3093,10.0
3094,45.0
3095,68.0
3096,10.0
3097,25.0
3098,18.0
3099,12.0
3100,8.0
3101,15.0
3102,14.0
3103,87.0
3104,14.0
3105,14.0
3106,84.0
3107,89.0
3108,9.0
3109,9.0
3110,33.0
3111,14.0
3112,17.0
3113,66.0
3114,9.0
3115,19.0
3116,33.0
3117,14.0
3118,23.0
3119,7.0
3120,25.0
3121,16.0
3122,11.0
3123,8.0
3124,17.0
3125,9.0
3126,33.0
3127,36.0
3128,41.0
3129,18.0
3130,41.0
3131,14.0
3132,31.0
3133,8.0
3134,16.0
3135,17.0
3136,26.0
3137,55.0
3138,20.0
3139,9.0
3140,31.0
3141,47.0
3142,8.0
3143,38.0
3144,11.0
3145,11.0
3146,41.0
3147,20.0
3148,9.0
3149,16.0
3150,46.0
3151,17.0
3152,15.0
3153,20.0
3154,56.0
3155,10.0
3156,16.0
3157,21.0
3158,22.0
3159,14.0
3160,23.0
3161,39.0
3162,22.0
3163,10.0
3164,49.0
3165,29.0
3166,16.0
3167,44.0
3168,8.0
3169,106.0
3170,52.0
3171,7.0
3172,15.0
3173,12.0
3174,65.0
3175,20.0
3176,50.0
3177,177.0
3178,35.0
3179,25.0
3180,34.0
3181,82.0
3182,13.0
3183,25.0
3184,25.0
3185,23.0
3186,26.0
3187,55.0
3188,17.0
3189,20.0
3190,15.0
3191,15.0
3192,107.0
3193,36.0
3194,5.0
3195,7.0
3196,19.0
3197,85.0
3198,9.0
3199,52.0
3200,20.0
3201,11.0
3202,12.0
3203,21.0
3204,20.0
3205,19.0
3206,42.0
3207,23.0
3208,53.0
3209,11.0
3210,66.0
3211,9.0
3212,67.0
3213,42.0
3214,50.0
3215,19.0
3216,13.0
3217,11.0
3218,10.0
3219,13.0
3220,17.0
3221,28.0
3222,33.0
3223,49.0
3224,34.0
3225,36.0
3226,34.0
3227,42.0
3228,6.0
3229,9.0
3230,8.0
3231,78.0
3232,11.0
3233,7.0
3234,54.0
3235,15.0
3236,28.0
3237,97.0
3238,39.0
3239,30.0
3240,11.0
3241,16.0
3242,44.0
3243,27.0
3244,10.0
3245,34.0
3246,23.0
3247,54.0
3248,6.0
3249,41.0
3250,11.0
3251,67.0
3252,57.0
3253,88.0
3254,54.0
3255,35.0
3256,32.0
3257,12.0
3258,12.0
3259,99.0
3260,9.0
3261,12.0
3262,23.0
3263,9.0
3264,185.0
3265,4.0
3266,18.0
3267,81.0
3268,19.0
3269,12.0
3270,55.0
3271,16.0
3272,67.0
3273,10.0
3274,10.0
3275,49.0
3276,13.0
3277,14.0
3278,9.0
3279,5.0
3280,21.0
3281,10.0
3282,51.0
3283,51.0
3284,11.0
3285,31.0
3286,7.0
3287,10.0
3288,38.0
3289,10.0
3290,34.0
3291,70.0
3292,49.0
3293,8.0
3294,34.0
3295,15.0
3296,26.0
3297,14.0
3298,29.0
3299,39.0
3300,11.0
3301,28.0
3302,16.0
3303,22.0
3304,27.0
3305,60.0
3306,13.0
3307,43.0
3308,9.0
3309,45.0
3310,20.0
3311,69.0
3312,9.0
3313,48.0
3314,13.0
3315,29.0
3316,34.0
3317,104.0
3318,31.0
3319,36.0
3320,12.0
3321,8.0
3322,136.0
3323,78.0
3324,80.0
3325,16.0
3326,8.0
3327,26.0
3328,10.0
3329,44.0
3330,27.0
3331,11.0
3332,13.0
3333,69.0
3334,51.0
3335,10.0
3336,8.0
3337,4.0
3338,10.0
3339,63.0
3340,49.0
3341,9.0
3342,14.0
3343,15.0
3344,24.0
3345,45.0
3346,15.0
3347,24.0
3348,30.0
3349,8.0
3350,90.0
3351,38.0
3352,15.0
3353,13.0
3354,32.0
3355,66.0
3356,9.0
3357,15.0
3358,23.0
3359,18.0
3360,86.0
3361,48.0
3362,13.0
3363,13.0
3364,13.0
3365,14.0
3366,21.0
3367,44.0
3368,27.0
3369,28.0
3370,6.0
3371,8.0
3372,18.0
3373,62.0
3374,29.0
3375,33.0
3376,12.0
3377,26.0
3378,12.0
3379,9.0
3380,28.0
3381,55.0
3382,50.0
3383,20.0
3384,63.0
3385,32.0
3386,28.0
3387,13.0
3388,33.0
3389,14.0
3390,17.0
3391,36.0
3392,43.0
3393,11.0
3394,33.0
3395,56.0
3396,23.0
3397,13.0
3398,48.0
3399,65.0
3400,24.0
3401,52.0
3402,18.0
3403,86.0
3404,18.0
3405,10.0
3406,25.0
3407,84.0
3408,16.0
3409,54.0
3410,29.0
3411,11.0
3412,40.0
3413,25.0
3414,29.0
3415,20.0
3416,84.0
3417,39.0
3418,17.0
3419,63.0
3420,16.0
3421,20.0
3422,30.0
3423,9.0
3424,38.0
3425,49.0
3426,27.0
3427,13.0
3428,11.0
3429,17.0
3430,53.0
3431,12.0
3432,30.0
3433,185.0
3434,14.0
3435,31.0
3436,59.0
3437,40.0
3438,18.0
3439,86.0
3440,27.0
3441,25.0
3442,12.0
3443,27.0
3444,21.0
3445,38.0
3446,42.0
3447,27.0
3448,26.0
3449,24.0
3450,47.0
3451,18.0
3452,27.0
3453,78.0
3454,9.0
3455,46.0
3456,48.0
3457,72.0
3458,18.0
3459,9.0
3460,27.0
3461,15.0
3462,18.0
3463,16.0
3464,119.0
3465,62.0
3466,18.0
3467,43.0
3468,59.0
3469,21.0
3470,13.0
3471,26.0
3472,41.0
3473,65.0
3474,11.0
3475,25.0
3476,107.0
3477,76.0
3478,61.0
3479,13.0
3480,8.0
3481,18.0
3482,11.0
3483,38.0
3484,9.0
3485,13.0
3486,36.0
3487,25.0
3488,8.0
3489,41.0
3490,12.0
3491,8.0
3492,20.0
3493,12.0
3494,13.0
3495,71.0
3496,68.0
3497,47.0
3498,30.0
3499,37.0
3500,34.0
3501,11.0
3502,11.0
3503,12.0
3504,80.0
3505,17.0
3506,15.0
3507,27.0
3508,7.0
3509,66.0
3510,39.0
3511,44.0
3512,17.0
3513,30.0
3514,51.0
3515,30.0
3516,12.0
3517,14.0
3518,20.0
3519,26.0
3520,33.0
3521,25.0
3522,14.0
3523,27.0
3524,43.0
3525,24.0
3526,19.0
3527,148.0
3528,10.0
3529,46.0
3530,13.0
3531,25.0
3532,14.0
3533,26.0
3534,9.0
3535,94.0
3536,11.0
3537,12.0
3538,14.0
3539,44.0
3540,9.0
3541,10.0
3542,14.0
3543,15.0
3544,5.0
3545,15.0
3546,57.0
3547,14.0
3548,18.0
3549,8.0
3550,24.0
3551,8.0
3552,68.0
3553,26.0
3554,19.0
3555,10.0
3556,16.0
3557,25.0
3558,20.0
3559,37.0
3560,14.0
3561,17.0
3562,31.0
3563,16.0
3564,21.0
3565,31.0
3566,141.0
3567,15.0
3568,10.0
3569,54.0
3570,12.0
3571,21.0
3572,22.0
3573,44.0
3574,29.0
3575,8.0
3576,19.0
3577,19.0
3578,64.0
3579,12.0
3580,12.0
3581,10.0
3582,9.0
3583,64.0
3584,42.0
3585,19.0
3586,21.0
3587,46.0
3588,7.0
3589,8.0
3590,14.0
3591,10.0
3592,22.0
3593,40.0
3594,13.0
3595,7.0
3596,12.0
3597,33.0
3598,59.0
3599,51.0
3600,31.0
3601,58.0
3602,21.0
3603,24.0
3604,17.0
3605,9.0
3606,7.0
3607,19.0
3608,15.0
3609,8.0
3610,89.0
3611,13.0
3612,21.0
3613,27.0
3614,11.0
3615,8.0
3616,23.0
3617,7.0
3618,23.0
3619,29.0
3620,16.0
3621,23.0
3622,15.0
3623,15.0
3624,23.0
3625,31.0
3626,23.0
3627,204.0
3628,73.0
3629,28.0
3630,68.0
3631,11.0
3632,33.0
3633,78.0
3634,25.0
3635,19.0
3636,14.0
3637,12.0
3638,10.0
3639,13.0
3640,35.0
3641,6.0
3642,99.0
3643,17.0
3644,11.0
3645,17.0
3646,51.0
3647,16.0
3648,36.0
3649,27.0
3650,25.0
3651,7.0
3652,21.0
3653,42.0
3654,34.0
3655,54.0
3656,24.0
3657,22.0
3658,48.0
3659,47.0
3660,28.0
3661,9.0
3662,33.0
3663,8.0
3664,28.0
3665,11.0
3666,8.0
3667,11.0
3668,36.0
3669,15.0
3670,66.0
3671,16.0
3672,67.0
3673,13.0
3674,8.0
3675,16.0
3676,21.0
3677,23.0
3678,18.0
3679,23.0
3680,10.0
3681,28.0
3682,10.0
3683,90.0
3684,20.0
3685,34.0
3686,21.0
3687,62.0
3688,54.0
3689,23.0
3690,46.0
3691,7.0
3692,6.0
3693,18.0
3694,20.0
3695,22.0
3696,12.0
3697,34.0
3698,17.0
3699,104.0
3700,35.0
3701,6.0
3702,134.0
3703,37.0
3704,36.0
3705,20.0
3706,29.0
3707,66.0
3708,9.0
3709,5.0
3710,20.0
3711,27.0
3712,13.0
3713,22.0
3714,22.0
3715,11.0
3716,16.0
3717,12.0
3718,22.0
3719,66.0
3720,16.0
3721,10.0
3722,40.0
3723,19.0
3724,13.0
3725,61.0
3726,21.0
3727,14.0
3728,40.0
3729,11.0
3730,13.0
3731,24.0
3732,6.0
3733,18.0
3734,9.0
3735,10.0
3736,24.0
3737,43.0
3738,46.0
3739,13.0
3740,13.0
3741,24.0
3742,28.0
3743,58.0
3744,89.0
3745,36.0
3746,16.0
3747,23.0
3748,14.0
3749,70.0
3750,62.0
3751,12.0
3752,9.0
3753,21.0
3754,29.0
3755,13.0
3756,12.0
3757,29.0
3758,11.0
3759,23.0
3760,56.0
3761,14.0
3762,14.0
3763,19.0
3764,23.0
3765,22.0
3766,18.0
3767,11.0
3768,36.0
3769,13.0
3770,20.0
3771,12.0
3772,22.0
3773,51.0
3774,10.0
3775,34.0
3776,8.0
3777,14.0
3778,11.0
3779,7.0
3780,19.0
3781,53.0
3782,27.0
3783,20.0
3784,45.0
3785,39.0
3786,34.0
3787,9.0
3788,24.0
3789,34.0
3790,37.0
3791,31.0
3792,50.0
3793,19.0
3794,35.0
3795,12.0
3796,9.0
3797,34.0
3798,10.0
3799,14.0
3800,11.0
3801,18.0
3802,23.0
3803,29.0
3804,17.0
3805,15.0
3806,39.0
3807,12.0
3808,22.0
3809,6.0
3810,13.0
3811,19.0
3812,57.0
3813,26.0
3814,19.0
3815,24.0
3816,17.0
3817,18.0
3818,11.0
3819,27.0
3820,28.0
3821,8.0
3822,28.0
3823,36.0
3824,12.0
3825,112.0
3826,42.0
3827,26.0
3828,23.0
3829,9.0
3830,8.0
3831,19.0
3832,10.0
3833,20.0
3834,8.0
3835,25.0
3836,29.0
3837,31.0
3838,32.0
3839,15.0
3840,32.0
3841,42.0
3842,17.0
3843,70.0
3844,49.0
3845,11.0
3846,34.0
3847,42.0
3848,46.0
3849,13.0
3850,12.0
3851,13.0
3852,9.0
3853,78.0
3854,31.0
3855,31.0
3856,10.0
3857,83.0
3858,48.0
3859,32.0
3860,21.0
3861,21.0
3862,9.0
3863,31.0
3864,31.0
3865,12.0
3866,44.0
3867,55.0
3868,10.0
3869,41.0
3870,62.0
3871,12.0
3872,15.0
3873,8.0
3874,13.0
3875,19.0
3876,34.0
3877,20.0
3878,53.0
3879,10.0
3880,26.0
3881,11.0
3882,23.0
3883,9.0
3884,14.0
3885,30.0
3886,19.0
3887,19.0
3888,13.0
3889,38.0
3890,28.0
3891,21.0
3892,11.0
3893,10.0
3894,6.0
3895,34.0
3896,28.0
3897,29.0
3898,13.0
3899,22.0
3900,49.0
3901,20.0
3902,13.0
3903,33.0
3904,28.0
3905,10.0
3906,32.0
3907,8.0
3908,14.0
3909,16.0
3910,7.0
3911,9.0
3912,8.0
3913,44.0
3914,11.0
3915,81.0
3916,12.0
3917,21.0
3918,13.0
3919,22.0
3920,26.0
3921,22.0
3922,27.0
3923,11.0
3924,16.0
3925,8.0
3926,11.0
3927,21.0
3928,59.0
3929,68.0
3930,40.0
3931,7.0
3932,14.0
3933,17.0
3934,47.0
3935,22.0
3936,57.0
3937,16.0
3938,57.0
3939,9.0
3940,90.0
3941,28.0
3942,107.0
3943,73.0
3944,24.0
3945,35.0
3946,13.0
3947,29.0
3948,22.0
3949,18.0
3950,14.0
3951,9.0
3952,62.0
3953,22.0
3954,129.0
3955,50.0
3956,13.0
3957,31.0
3958,44.0
3959,26.0
3960,42.0
3961,63.0
3962,75.0
3963,66.0
3964,27.0
3965,51.0
3966,9.0
3967,30.0
3968,35.0
3969,6.0
3970,32.0
3971,32.0
3972,15.0
3973,10.0
3974,73.0
3975,31.0
3976,25.0
3977,12.0
3978,56.0
3979,12.0
3980,29.0
3981,16.0
3982,11.0
3983,39.0
3984,20.0
3985,9.0
3986,11.0
3987,18.0
3988,27.0
3989,26.0
3990,15.0
3991,20.0
3992,28.0
3993,11.0
3994,33.0
3995,21.0
3996,24.0
3997,91.0
3998,25.0
3999,49.0
4000,16.0
4001,26.0
4002,20.0
4003,15.0
4004,23.0
4005,13.0
4006,52.0
4007,62.0
4008,24.0
4009,7.0
4010,11.0
4011,24.0
4012,75.0
4013,61.0
4014,13.0
4015,21.0
4016,34.0
4017,35.0
4018,23.0
4019,72.0
4020,9.0
4021,11.0
4022,14.0
4023,24.0
4024,8.0
4025,15.0
4026,11.0
4027,38.0
4028,17.0
4029,29.0
4030,68.0
4031,15.0
4032,14.0
4033,11.0
4034,56.0
4035,10.0
4036,10.0
4037,31.0
4038,26.0
4039,6.0
4040,9.0
4041,20.0
4042,20.0
4043,30.0
4044,23.0
4045,41.0
4046,8.0
4047,36.0
4048,20.0
4049,7.0
4050,23.0
4051,29.0
4052,6.0
4053,42.0
4054,34.0
4055,17.0
4056,22.0
4057,100.0
4058,23.0
4059,18.0
4060,25.0
4061,10.0
4062,14.0
4063,64.0
4064,11.0
4065,61.0
4066,26.0
4067,38.0
4068,14.0
4069,26.0
4070,18.0
4071,38.0
4072,30.0
4073,42.0
4074,43.0
4075,13.0
4076,22.0
4077,12.0
4078,25.0
4079,21.0
4080,13.0
4081,14.0
4082,18.0
4083,8.0
4084,4.0
4085,24.0
4086,12.0
4087,9.0
4088,77.0
4089,23.0
4090,7.0
4091,37.0
4092,8.0
4093,28.0
4094,17.0
4095,12.0
4096,21.0
4097,11.0
4098,21.0
4099,39.0
4100,29.0
4101,8.0
4102,11.0
4103,8.0
4104,13.0
4105,94.0
4106,48.0
4107,12.0
4108,80.0
4109,14.0
4110,10.0
4111,38.0
4112,16.0
4113,51.0
4114,10.0
4115,18.0
4116,15.0
4117,23.0
4118,20.0
4119,13.0
4120,12.0
4121,17.0
4122,47.0
4123,96.0
4124,28.0
4125,59.0
4126,37.0
4127,16.0
4128,41.0
4129,10.0
4130,10.0
4131,11.0
4132,12.0
4133,76.0
4134,16.0
4135,16.0
4136,33.0
4137,12.0
4138,18.0
4139,26.0
4140,37.0
4141,12.0
4142,9.0
4143,17.0
4144,20.0
4145,11.0
4146,57.0
4147,26.0
4148,45.0
4149,65.0
4150,23.0
4151,17.0
4152,44.0
4153,32.0
4154,9.0
4155,14.0
4156,28.0
4157,86.0
4158,20.0
4159,7.0
4160,8.0
4161,33.0
4162,12.0
4163,21.0
4164,10.0
4165,32.0
4166,59.0
4167,11.0
4168,18.0
4169,46.0
4170,29.0
4171,25.0
4172,10.0
4173,12.0
4174,23.0
4175,28.0
4176,34.0
4177,15.0
4178,46.0
4179,18.0
4180,12.0
4181,7.0
4182,11.0
4183,16.0
4184,25.0
4185,36.0
4186,14.0
4187,52.0
4188,10.0
4189,36.0
4190,13.0
4191,29.0
4192,12.0
4193,20.0
4194,39.0
4195,10.0
4196,23.0
4197,6.0
4198,17.0
4199,40.0
4200,11.0
4201,68.0
4202,24.0
4203,8.0
4204,15.0
4205,21.0
4206,23.0
4207,7.0
4208,8.0
4209,21.0
4210,18.0
4211,15.0
4212,52.0
4213,47.0
4214,22.0
4215,22.0
4216,11.0
4217,56.0
4218,8.0
4219,38.0
4220,31.0
4221,12.0
4222,18.0
4223,10.0
4224,29.0
4225,44.0
4226,13.0
4227,30.0
4228,7.0
4229,10.0
4230,92.0
4231,68.0
4232,29.0
4233,17.0
4234,5.0
4235,32.0
4236,35.0
4237,8.0
4238,10.0
4239,20.0
4240,11.0
4241,17.0
4242,9.0
4243,12.0
4244,24.0
4245,17.0
4246,11.0
4247,19.0
4248,12.0
4249,39.0
4250,22.0
4251,93.0
4252,40.0
4253,10.0
4254,13.0
4255,7.0
4256,50.0
4257,33.0
4258,62.0
4259,32.0
4260,4.0
4261,11.0
4262,13.0
4263,40.0
4264,15.0
4265,12.0
4266,16.0
4267,24.0
4268,29.0
4269,8.0
4270,35.0
4271,14.0
4272,21.0
4273,25.0
4274,52.0
4275,33.0
4276,10.0
4277,11.0
4278,17.0
4279,25.0
4280,27.0
4281,56.0
4282,41.0
4283,28.0
4284,18.0
4285,24.0
4286,36.0
4287,29.0
4288,28.0
4289,13.0
4290,43.0
4291,44.0
4292,12.0
4293,40.0
4294,16.0
4295,7.0
4296,11.0
4297,9.0
4298,7.0
4299,25.0
4300,28.0
4301,8.0
4302,55.0
4303,23.0
4304,11.0
4305,23.0
4306,12.0
4307,38.0
4308,19.0
4309,58.0
4310,122.0
4311,14.0
4312,26.0
4313,32.0
4314,8.0
4315,57.0
4316,54.0
4317,65.0
4318,7.0
4319,13.0
4320,6.0
4321,5.0
4322,15.0
4323,33.0
4324,10.0
4325,38.0
4326,27.0
4327,30.0
4328,11.0
4329,13.0
4330,65.0
4331,18.0
4332,5.0
4333,24.0
4334,30.0
4335,18.0
4336,24.0
4337,19.0
4338,29.0
4339,23.0
4340,8.0
4341,13.0
4342,35.0
4343,10.0
4344,11.0
4345,21.0
4346,5.0
4347,12.0
4348,49.0
4349,64.0
4350,19.0
4351,34.0
4352,20.0
4353,50.0
4354,15.0
4355,11.0
4356,10.0
4357,26.0
4358,9.0
4359,11.0
4360,22.0
4361,15.0
4362,10.0
4363,26.0
4364,20.0
4365,9.0
4366,57.0
4367,21.0
4368,6.0
4369,10.0
4370,16.0
4371,61.0
4372,23.0
4373,11.0
4374,12.0
4375,89.0
4376,20.0
4377,22.0
4378,9.0
4379,9.0
4380,34.0
4381,27.0
4382,11.0
4383,11.0
4384,41.0
4385,82.0
4386,7.0
4387,47.0
4388,30.0
4389,22.0
4390,25.0
4391,9.0
4392,11.0
4393,35.0
4394,22.0
4395,10.0
4396,15.0
4397,10.0
4398,17.0
4399,21.0
4400,29.0
4401,15.0
4402,11.0
4403,9.0
4404,16.0
4405,14.0
4406,26.0
4407,39.0
4408,16.0
4409,20.0
4410,18.0
4411,13.0
4412,45.0
4413,21.0
4414,19.0
4415,34.0
4416,11.0
4417,8.0
4418,41.0
4419,23.0
4420,22.0
4421,14.0
4422,13.0
4423,10.0
4424,76.0
4425,10.0
4426,10.0
4427,46.0
4428,12.0
4429,59.0
4430,40.0
4431,22.0
4432,16.0
4433,15.0
4434,18.0
4435,12.0
4436,19.0
4437,97.0
4438,22.0
4439,17.0
4440,103.0
4441,29.0
4442,9.0
4443,12.0
4444,23.0
4445,17.0
4446,13.0
4447,8.0
4448,40.0
4449,94.0
4450,18.0
4451,11.0
4452,11.0
4453,7.0
4454,16.0
4455,19.0
4456,16.0
4457,10.0
4458,13.0
4459,17.0
4460,9.0
4461,9.0
4462,9.0
4463,7.0
4464,18.0
4465,45.0
4466,10.0
4467,101.0
4468,13.0
4469,11.0
4470,81.0
4471,49.0
4472,19.0
4473,132.0
4474,15.0
4475,9.0
4476,16.0
4477,30.0
4478,43.0
4479,25.0
4480,18.0
4481,36.0
4482,41.0
4483,25.0
4484,7.0
4485,10.0
4486,11.0
4487,29.0
4488,37.0
4489,8.0
4490,17.0
4491,49.0
4492,11.0
4493,13.0
4494,12.0
4495,29.0
4496,29.0
4497,35.0
4498,25.0
4499,73.0
4500,26.0
4501,19.0
4502,8.0
4503,9.0
4504,8.0
4505,25.0
4506,12.0
4507,6.0
4508,32.0
4509,44.0
4510,57.0
4511,35.0
4512,8.0
4513,35.0
4514,53.0
4515,22.0
4516,24.0
4517,9.0
4518,33.0
4519,60.0
4520,11.0
4521,34.0
4522,47.0
4523,37.0
4524,18.0
4525,43.0
4526,12.0
4527,14.0
4528,12.0
4529,28.0
4530,30.0
4531,9.0
4532,30.0
4533,26.0
4534,11.0
4535,17.0
4536,26.0
4537,23.0
4538,22.0
4539,10.0
4540,14.0
4541,15.0
4542,18.0
4543,18.0
4544,17.0
4545,32.0
4546,19.0
4547,5.0
4548,22.0
4549,10.0
4550,17.0
4551,15.0
4552,12.0
4553,9.0
4554,13.0
4555,37.0
4556,52.0
4557,44.0
4558,25.0
4559,56.0
4560,40.0
4561,11.0
4562,6.0
4563,11.0
4564,16.0
4565,32.0
4566,21.0
4567,25.0
4568,35.0
4569,21.0
4570,11.0
4571,29.0
4572,21.0
4573,15.0
4574,9.0
4575,62.0
4576,20.0
4577,9.0
4578,17.0
4579,10.0
4580,20.0
4581,13.0
4582,21.0
4583,11.0
4584,52.0
4585,11.0
4586,21.0
4587,44.0
4588,7.0
4589,12.0
4590,16.0
4591,13.0
4592,39.0
4593,9.0
4594,9.0
4595,7.0
4596,25.0
4597,24.0
4598,32.0
4599,24.0
4600,15.0
4601,26.0
4602,38.0
4603,41.0
4604,12.0
4605,22.0
4606,47.0
4607,25.0
4608,12.0
4609,39.0
4610,25.0
4611,87.0
4612,16.0
4613,27.0
4614,9.0
4615,9.0
4616,37.0
4617,11.0
4618,60.0
4619,81.0
4620,13.0
4621,13.0
4622,10.0
4623,16.0
4624,20.0
4625,12.0
4626,25.0
4627,12.0
4628,40.0
4629,25.0
4630,16.0
4631,20.0
4632,13.0
4633,12.0
4634,12.0
4635,15.0
4636,16.0
4637,9.0
4638,60.0
4639,12.0
4640,18.0
4641,41.0
4642,32.0
4643,47.0
4644,29.0
4645,29.0
4646,16.0
4647,34.0
4648,40.0
4649,9.0
4650,12.0
4651,33.0
4652,9.0
4653,32.0
4654,10.0
4655,7.0
4656,32.0
4657,15.0
4658,31.0
4659,10.0
4660,8.0
4661,15.0
4662,9.0
4663,83.0
4664,18.0
4665,11.0
4666,15.0
4667,22.0
4668,9.0
4669,36.0
4670,54.0
4671,27.0
4672,84.0
4673,14.0
4674,10.0
4675,22.0
4676,119.0
4677,14.0
4678,9.0
4679,6.0
4680,29.0
4681,13.0
4682,53.0
4683,25.0
4684,41.0
4685,25.0
4686,11.0
4687,23.0
4688,52.0
4689,9.0
4690,12.0
4691,32.0
4692,8.0
4693,19.0
4694,16.0
4695,22.0
4696,19.0
4697,63.0
4698,66.0
4699,7.0
4700,66.0
4701,22.0
4702,27.0
4703,12.0
4704,7.0
4705,59.0
4706,15.0
4707,9.0
4708,13.0
4709,26.0
4710,14.0
4711,45.0
4712,69.0
4713,18.0
4714,24.0
4715,19.0
4716,22.0
4717,29.0
4718,15.0
4719,7.0
4720,30.0
4721,13.0
4722,42.0
4723,9.0
4724,9.0
4725,12.0
4726,17.0
4727,28.0
4728,11.0
4729,37.0
4730,44.0
4731,25.0
4732,45.0
4733,16.0
4734,19.0
4735,12.0
4736,35.0
4737,11.0
4738,68.0
4739,13.0
4740,21.0
4741,38.0
4742,7.0
4743,11.0
4744,9.0
4745,11.0
4746,9.0
4747,41.0
4748,11.0
4749,36.0
4750,38.0
4751,25.0
4752,66.0
4753,7.0
4754,39.0
4755,27.0
4756,16.0
4757,59.0
4758,17.0
4759,13.0
4760,10.0
4761,19.0
4762,12.0
4763,10.0
4764,12.0
4765,25.0
4766,42.0
4767,25.0
4768,13.0
4769,9.0
4770,15.0
4771,17.0
4772,30.0
4773,18.0
4774,10.0
4775,35.0
4776,60.0
4777,16.0
4778,21.0
4779,12.0
4780,11.0
4781,16.0
4782,59.0
4783,54.0
4784,37.0
4785,33.0
4786,42.0
4787,79.0
4788,16.0
4789,14.0
4790,13.0
4791,43.0
4792,11.0
4793,23.0
4794,13.0
4795,9.0
4796,40.0
4797,9.0
4798,45.0
4799,14.0
4800,17.0
4801,12.0
4802,34.0
4803,9.0
4804,14.0
4805,10.0
4806,15.0
4807,13.0
4808,10.0
4809,41.0
4810,17.0
4811,16.0
4812,7.0
4813,52.0
4814,29.0
4815,46.0
4816,15.0
4817,65.0
4818,26.0
4819,16.0
4820,33.0
4821,16.0
4822,33.0
4823,14.0
4824,8.0
4825,64.0
4826,9.0
4827,12.0
4828,20.0
4829,15.0
4830,14.0
4831,30.0
4832,7.0
4833,13.0
4834,53.0
4835,39.0
4836,75.0
4837,57.0
4838,12.0
4839,7.0
4840,19.0
4841,25.0
4842,9.0
4843,10.0
4844,21.0
4845,18.0
4846,11.0
4847,8.0
4848,11.0
4849,12.0
4850,32.0
4851,70.0
4852,10.0
4853,26.0
4854,18.0
4855,12.0
4856,26.0
4857,8.0
4858,33.0
4859,13.0
4860,12.0
4861,18.0
4862,34.0
4863,20.0
4864,10.0
4865,13.0
4866,25.0
4867,21.0
4868,8.0
4869,13.0
4870,14.0
4871,17.0
4872,15.0
4873,15.0
4874,10.0
4875,28.0
4876,24.0
4877,8.0
4878,24.0
4879,14.0
4880,15.0
4881,57.0
4882,9.0
4883,29.0
4884,25.0
4885,32.0
4886,12.0
4887,22.0
4888,30.0
4889,17.0
4890,13.0
4891,9.0
4892,84.0
4893,11.0
4894,8.0
4895,9.0
4896,28.0
4897,71.0
4898,19.0
4899,15.0
4900,22.0
4901,12.0
4902,15.0
4903,15.0
4904,11.0
4905,41.0
4906,24.0
4907,31.0
4908,7.0
4909,57.0
4910,28.0
4911,29.0
4912,16.0
4913,19.0
4914,19.0
4915,28.0
4916,14.0
4917,56.0
4918,9.0
4919,42.0
4920,11.0
4921,21.0
4922,10.0
4923,14.0
4924,23.0
4925,48.0
4926,49.0
4927,13.0
4928,28.0
4929,17.0
4930,13.0
4931,16.0
4932,43.0
4933,20.0
4934,18.0
4935,19.0
4936,12.0
4937,9.0
4938,29.0
4939,29.0
4940,42.0
4941,10.0
4942,35.0
4943,16.0
4944,12.0
4945,13.0
4946,12.0
4947,26.0
4948,21.0
4949,15.0
4950,11.0
4951,11.0
4952,37.0
4953,16.0
4954,20.0
4955,19.0
4956,20.0
4957,12.0
4958,24.0
4959,23.0
4960,8.0
4961,15.0
4962,14.0
4963,10.0
4964,17.0
4965,21.0
4966,33.0
4967,16.0
4968,39.0
4969,11.0
4970,24.0
4971,44.0
4972,7.0
4973,14.0
4974,9.0
4975,33.0
4976,13.0
4977,12.0
4978,10.0
4979,9.0
4980,23.0
4981,15.0
4982,6.0
4983,10.0
4984,22.0
4985,22.0
4986,24.0
4987,107.0
4988,11.0
4989,28.0
4990,25.0
4991,23.0
4992,32.0
4993,14.0
4994,15.0
4995,17.0
4996,42.0
4997,14.0
4998,54.0
4999,17.0
5000,14.0
5001,12.0
5002,7.0
5003,16.0
5004,11.0
5005,24.0
5006,9.0
5007,38.0
5008,13.0
5009,5.0
5010,26.0
5011,25.0
5012,23.0
5013,12.0
5014,16.0
5015,9.0
5016,11.0
5017,24.0
5018,22.0
5019,20.0
5020,9.0
5021,8.0
5022,7.0
5023,24.0
5024,65.0
5025,10.0
5026,13.0
5027,14.0
5028,11.0
5029,9.0
5030,12.0
5031,9.0
5032,15.0
5033,29.0
5034,51.0
5035,18.0
5036,18.0
5037,9.0
5038,8.0
5039,10.0
5040,11.0
5041,14.0
5042,8.0
5043,24.0
5044,28.0
5045,30.0
5046,33.0
5047,16.0
5048,36.0
5049,12.0
5050,16.0
5051,6.0
5052,7.0
5053,14.0
5054,16.0
5055,27.0
5056,14.0
5057,9.0
5058,27.0
5059,26.0
5060,14.0
5061,45.0
5062,9.0
5063,54.0
5064,7.0
5065,16.0
5066,12.0
5067,15.0
5068,21.0
5069,28.0
5070,16.0
5071,60.0
5072,16.0
5073,14.0
5074,67.0
5075,38.0
5076,44.0
5077,37.0
5078,79.0
5079,6.0
5080,23.0
5081,28.0
5082,13.0
5083,27.0
5084,10.0
5085,13.0
5086,17.0
5087,17.0
5088,18.0
5089,20.0
5090,45.0
5091,36.0
5092,7.0
5093,35.0
5094,6.0
5095,9.0
5096,21.0
5097,19.0
5098,17.0
5099,40.0
5100,12.0
5101,29.0
5102,8.0
5103,10.0
5104,17.0
5105,16.0
5106,31.0
5107,23.0
5108,9.0
5109,9.0
5110,9.0
5111,11.0
5112,37.0
5113,13.0
5114,26.0
5115,17.0
5116,19.0
5117,13.0
5118,10.0
5119,10.0
5120,16.0
5121,8.0
5122,13.0
5123,7.0
5124,34.0
5125,15.0
5126,30.0
5127,32.0
5128,11.0
5129,46.0
5130,21.0
5131,8.0
5132,9.0
5133,10.0
5134,11.0
5135,16.0
5136,13.0
5137,30.0
5138,13.0
5139,9.0
5140,13.0
5141,72.0
5142,36.0
5143,20.0
5144,17.0
5145,16.0
5146,13.0
5147,11.0
5148,14.0
5149,41.0
5150,2.0
5151,48.0
5152,31.0
5153,14.0
5154,16.0
5155,23.0
5156,16.0
5157,12.0
5158,31.0
5159,26.0
5160,13.0
5161,8.0
5162,7.0
5163,18.0
5164,30.0
5165,35.0
5166,11.0
5167,38.0
5168,16.0
5169,13.0
5170,126.0
5171,20.0
5172,87.0
5173,10.0
5174,38.0
5175,8.0
5176,8.0
5177,11.0
5178,8.0
5179,15.0
5180,22.0
5181,15.0
5182,12.0
5183,42.0
5184,15.0
5185,30.0
5186,6.0
5187,37.0
5188,17.0
5189,36.0
5190,31.0
5191,19.0
5192,45.0
5193,12.0
5194,13.0
5195,9.0
5196,25.0
5197,44.0
5198,70.0
5199,6.0
5200,12.0
5201,9.0
5202,11.0
5203,25.0
5204,18.0
5205,15.0
5206,17.0
5207,12.0
5208,29.0
5209,32.0
5210,10.0
5211,21.0
5212,11.0
5213,8.0
5214,21.0
5215,14.0
5216,47.0
5217,13.0
5218,27.0
5219,37.0
5220,25.0
5221,24.0
5222,48.0
5223,37.0
5224,25.0
5225,8.0
5226,20.0
5227,8.0
5228,7.0
5229,24.0
5230,7.0
5231,11.0
5232,39.0
5233,16.0
5234,20.0
5235,45.0
5236,33.0
5237,10.0
5238,17.0
5239,22.0
5240,10.0
5241,8.0
5242,61.0
5243,32.0
5244,18.0
5245,9.0
5246,14.0
5247,43.0
5248,17.0
5249,11.0
5250,31.0
5251,11.0
5252,11.0
5253,14.0
5254,8.0
5255,5.0
5256,7.0
5257,21.0
5258,7.0
5259,42.0
5260,22.0
5261,17.0
5262,9.0
5263,51.0
5264,21.0
5265,11.0
5266,85.0
5267,13.0
5268,13.0
5269,17.0
5270,10.0
5271,15.0
5272,41.0
5273,16.0
5274,7.0
5275,11.0
5276,16.0
5277,39.0
5278,25.0
5279,17.0
5280,24.0
5281,26.0
5282,12.0
5283,22.0
5284,62.0
5285,58.0
5286,18.0
5287,12.0
5288,12.0
5289,5.0
5290,21.0
5291,46.0
5292,18.0
5293,25.0
5294,68.0
5295,12.0
5296,8.0
5297,29.0
5298,26.0
5299,26.0
5300,8.0
5301,34.0
5302,10.0
5303,20.0
5304,26.0
5305,16.0
5306,18.0
5307,18.0
5308,10.0
5309,36.0
5310,24.0
5311,12.0
5312,15.0
5313,11.0
5314,15.0
5315,27.0
5316,11.0
5317,29.0
5318,17.0
5319,23.0
5320,10.0
5321,16.0
5322,20.0
5323,112.0
5324,25.0
5325,34.0
5326,12.0
5327,10.0
5328,34.0
5329,13.0
5330,28.0
5331,12.0
5332,9.0
5333,41.0
5334,8.0
5335,51.0
5336,13.0
5337,12.0
5338,27.0
5339,11.0
5340,11.0
5341,34.0
5342,17.0
5343,8.0
5344,35.0
5345,17.0
5346,18.0
5347,57.0
5348,11.0
5349,10.0
5350,9.0
5351,12.0
5352,16.0
5353,11.0
5354,15.0
5355,16.0
5356,24.0
5357,11.0
5358,20.0
5359,10.0
5360,13.0
5361,33.0
5362,14.0
5363,10.0
5364,12.0
5365,11.0
5366,43.0
5367,17.0
5368,32.0
5369,17.0
5370,27.0
5371,12.0
5372,20.0
5373,10.0
5374,9.0
5375,23.0
5376,15.0
5377,7.0
5378,11.0
5379,18.0
5380,18.0
5381,7.0
5382,13.0
5383,28.0
5384,10.0
5385,14.0
5386,37.0
5387,22.0
5388,8.0
5389,8.0
5390,10.0
5391,33.0
5392,57.0
5393,53.0
5394,53.0
5395,10.0
5396,8.0
5397,11.0
5398,19.0
5399,10.0
5400,20.0
5401,17.0
5402,29.0
5403,58.0
5404,10.0
5405,6.0
5406,19.0
5407,13.0
5408,10.0
5409,16.0
5410,18.0
5411,10.0
5412,29.0
5413,15.0
5414,34.0
5415,52.0
5416,12.0
5417,10.0
5418,8.0
5419,15.0
5420,11.0
5421,8.0
5422,58.0
5423,16.0
5424,6.0
5425,25.0
5426,16.0
5427,25.0
5428,31.0
5429,32.0
5430,18.0
5431,20.0
5432,17.0
5433,12.0
5434,11.0
5435,57.0
5436,27.0
5437,20.0
5438,9.0
5439,33.0
5440,8.0
5441,41.0
5442,5.0
5443,7.0
5444,35.0
5445,8.0
5446,29.0
5447,18.0
5448,14.0
5449,19.0
5450,15.0
5451,8.0
5452,23.0
5453,10.0
5454,17.0
5455,18.0
5456,15.0
5457,68.0
5458,37.0
5459,9.0
5460,16.0
5461,27.0
5462,16.0
5463,8.0
5464,9.0
5465,24.0
5466,4.0
5467,8.0
5468,20.0
5469,21.0
5470,26.0
5471,14.0
5472,10.0
5473,14.0
5474,17.0
5475,20.0
5476,7.0
5477,11.0
5478,11.0
5479,12.0
5480,9.0
5481,9.0
5482,19.0
5483,24.0
5484,24.0
5485,10.0
5486,17.0
5487,21.0
5488,18.0
5489,31.0
5490,13.0
5491,11.0
5492,28.0
5493,13.0
5494,16.0
5495,37.0
5496,9.0
5497,52.0
5498,12.0
5499,18.0
5500,10.0
5501,17.0
5502,19.0
5503,32.0
5504,7.0
5505,5.0
5506,18.0
5507,10.0
5508,9.0
5509,8.0
5510,16.0
5511,19.0
5512,12.0
5513,16.0
5514,15.0
5515,28.0
5516,13.0
5517,11.0
5518,29.0
5519,7.0
5520,8.0
5521,9.0
5522,48.0
5523,8.0
5524,9.0
5525,30.0
5526,17.0
5527,13.0
5528,7.0
5529,10.0
5530,15.0
5531,9.0
5532,17.0
5533,7.0
5534,10.0
5535,6.0
5536,51.0
5537,12.0
5538,14.0
5539,11.0
5540,7.0
5541,12.0
5542,17.0
5543,14.0
5544,9.0
5545,17.0
5546,53.0
5547,47.0
5548,25.0
5549,23.0
5550,17.0
5551,11.0
5552,30.0
5553,31.0
5554,5.0
5555,11.0
5556,17.0
5557,14.0
5558,21.0
5559,22.0
5560,17.0
5561,17.0
5562,21.0
5563,17.0
5564,41.0
5565,10.0
5566,9.0
5567,29.0
5568,30.0
5569,9.0
5570,10.0
5571,11.0
5572,9.0
5573,53.0
5574,9.0
5575,9.0
5576,14.0
5577,18.0
5578,11.0
5579,10.0
5580,12.0
5581,23.0
5582,11.0
5583,10.0
5584,9.0
5585,7.0
5586,12.0
5587,11.0
5588,55.0
5589,8.0
5590,25.0
5591,38.0
5592,15.0
5593,55.0
5594,19.0
5595,11.0
5596,9.0
5597,8.0
5598,10.0
5599,19.0
5600,9.0
5601,14.0
5602,11.0
5603,9.0
5604,49.0
5605,21.0
5606,10.0
5607,5.0
5608,8.0
5609,11.0
5610,18.0
5611,62.0
5612,13.0
5613,18.0
5614,11.0
5615,10.0
5616,12.0
5617,8.0
5618,22.0
5619,8.0
5620,18.0
5621,21.0
5622,20.0
5623,74.0
5624,33.0
5625,16.0
5626,13.0
5627,7.0
5628,48.0
5629,44.0
5630,13.0
5631,50.0
5632,40.0
5633,13.0
5634,18.0
5635,13.0
5636,23.0
5637,12.0
5638,65.0
5639,12.0
5640,47.0
5641,5.0
5642,5.0
5643,16.0
5644,14.0
5645,11.0
5646,26.0
5647,25.0
5648,16.0
5649,22.0
5650,11.0
5651,19.0
5652,14.0
5653,7.0
5654,9.0
5655,7.0
5656,9.0
5657,9.0
5658,10.0
5659,21.0
5660,11.0
5661,26.0
5662,17.0
5663,49.0
5664,52.0
5665,43.0
5666,18.0
5667,36.0
5668,21.0
5669,31.0
5670,8.0
5671,12.0
5672,15.0
5673,12.0
5674,19.0
5675,13.0
5676,43.0
5677,14.0
5678,9.0
5679,8.0
5680,22.0
5681,37.0
5682,28.0
5683,15.0
5684,17.0
5685,75.0
5686,20.0
5687,33.0
5688,16.0
5689,18.0
5690,27.0
5691,14.0
5692,15.0
5693,33.0
5694,15.0
5695,26.0
5696,13.0
5697,18.0
5698,17.0
5699,24.0
5700,14.0
5701,14.0
5702,9.0
5703,9.0
5704,14.0
5705,10.0
5706,15.0
5707,36.0
5708,15.0
5709,20.0
5710,58.0
5711,7.0
5712,7.0
5713,30.0
5714,10.0
5715,10.0
5716,11.0
5717,10.0
5718,15.0
5719,11.0
5720,37.0
5721,12.0
5722,9.0
5723,15.0
5724,10.0
5725,11.0
5726,11.0
5727,16.0
5728,10.0
5729,22.0
5730,21.0
5731,25.0
5732,10.0
5733,10.0
5734,9.0
5735,23.0
5736,6.0
5737,10.0
5738,53.0
5739,9.0
5740,16.0
5741,24.0
5742,13.0
5743,44.0
5744,10.0
5745,8.0
5746,9.0
5747,10.0
5748,11.0
5749,13.0
5750,24.0
5751,15.0
5752,9.0
5753,7.0
5754,8.0
5755,14.0
5756,27.0
5757,24.0
5758,7.0
5759,10.0
5760,23.0
5761,13.0
5762,12.0
5763,18.0
5764,16.0
5765,24.0
5766,7.0
5767,10.0
5768,16.0
5769,14.0
5770,11.0
5771,34.0
5772,17.0
5773,17.0
5774,23.0
5775,9.0
5776,18.0
5777,22.0
5778,14.0
5779,22.0
5780,38.0
5781,23.0
5782,8.0
5783,12.0
5784,19.0
5785,10.0
5786,22.0
5787,8.0
5788,14.0
5789,14.0
5790,10.0
5791,9.0
5792,17.0
5793,10.0
5794,27.0
5795,13.0
5796,26.0
5797,17.0
5798,19.0
5799,13.0
5800,8.0
5801,5.0
5802,7.0
5803,18.0
5804,13.0
5805,8.0
5806,26.0
5807,28.0
5808,23.0
5809,13.0
5810,41.0
5811,26.0
5812,9.0
5813,8.0
5814,8.0
5815,18.0
5816,17.0
5817,15.0
5818,12.0
5819,23.0
5820,28.0
5821,25.0
5822,10.0
5823,17.0
5824,18.0
5825,9.0
5826,38.0
5827,33.0
5828,11.0
5829,21.0
5830,15.0
5831,19.0
5832,9.0
5833,26.0
5834,11.0
5835,12.0
5836,28.0
5837,15.0
5838,6.0
5839,9.0
5840,17.0
5841,12.0
5842,52.0
5843,25.0
5844,12.0
5845,8.0
5846,14.0
5847,10.0
5848,10.0
5849,24.0
5850,14.0
5851,18.0
5852,45.0
5853,9.0
5854,10.0
5855,22.0
5856,17.0
5857,10.0
5858,7.0
5859,19.0
5860,12.0
5861,15.0
5862,15.0
5863,7.0
5864,18.0
5865,16.0
5866,35.0
5867,25.0
5868,56.0
5869,7.0
5870,17.0
5871,9.0
5872,15.0
5873,17.0
5874,10.0
5875,11.0
5876,15.0
5877,12.0
5878,17.0
5879,14.0
5880,54.0
5881,15.0
5882,10.0
5883,9.0
5884,27.0
5885,18.0
5886,30.0
5887,31.0
5888,21.0
5889,27.0
5890,11.0
5891,13.0
5892,11.0
5893,47.0
5894,30.0
5895,20.0
5896,19.0
5897,17.0
5898,34.0
5899,25.0
5900,22.0
5901,10.0
5902,9.0
5903,17.0
5904,21.0
5905,15.0
5906,17.0
5907,20.0
5908,11.0
5909,18.0
5910,5.0
5911,7.0
5912,8.0
5913,23.0
5914,9.0
5915,10.0
5916,10.0
5917,14.0
5918,10.0
5919,24.0
5920,9.0
5921,11.0
5922,20.0
5923,22.0
5924,22.0
5925,20.0
5926,10.0
5927,92.0
5928,11.0
5929,10.0
5930,30.0
5931,14.0
5932,18.0
5933,10.0
5934,10.0
5935,26.0
5936,15.0
5937,18.0
5938,22.0
5939,19.0
5940,12.0
5941,16.0
5942,14.0
5943,8.0
5944,11.0
5945,15.0
5946,8.0
5947,22.0
5948,9.0
5949,33.0
5950,17.0
5951,9.0
5952,21.0
5953,10.0
5954,19.0
5955,17.0
5956,17.0
5957,6.0
5958,8.0
5959,26.0
5960,15.0
5961,33.0
5962,47.0
5963,16.0
5964,19.0
5965,34.0
5966,20.0
5967,40.0
5968,36.0
5969,16.0
5970,19.0
5971,11.0
5972,27.0
5973,11.0
5974,17.0
5975,10.0
5976,23.0
5977,15.0
5978,11.0
5979,18.0
5980,7.0
5981,7.0
5982,16.0
5983,8.0
5984,12.0
5985,14.0
5986,17.0
5987,16.0
5988,19.0
5989,18.0
5990,16.0
5991,47.0
5992,19.0
5993,26.0
5994,12.0
5995,24.0
5996,24.0
5997,10.0
5998,32.0
5999,31.0
6000,17.0
6001,9.0
6002,11.0
6003,11.0
6004,17.0
6005,22.0
6006,7.0
6007,17.0
6008,23.0
6009,6.0
6010,11.0
6011,11.0
6012,8.0
6013,58.0
6014,12.0
6015,17.0
6016,6.0
6017,8.0
6018,22.0
6019,28.0
6020,28.0
6021,16.0
6022,34.0
6023,19.0
6024,14.0
6025,12.0
6026,24.0
6027,9.0
6028,15.0
6029,22.0
6030,9.0
6031,23.0
6032,19.0
6033,10.0
6034,12.0
6035,14.0
6036,6.0
6037,31.0
6038,14.0
6039,20.0
6040,26.0
6041,23.0
6042,21.0
6043,18.0
6044,12.0
6045,11.0
6046,10.0
6047,10.0
6048,22.0
6049,33.0
6050,12.0
6051,11.0
6052,9.0
6053,10.0
6054,15.0
6055,16.0
6056,17.0
6057,17.0
6058,27.0
6059,10.0
6060,21.0
6061,18.0
6062,11.0
6063,10.0
6064,19.0
6065,5.0
6066,14.0
6067,12.0
6068,8.0
6069,17.0
6070,11.0
6071,6.0
6072,9.0
6073,11.0
6074,10.0
6075,8.0
6076,15.0
6077,23.0
6078,9.0
6079,11.0
6080,28.0
6081,14.0
6082,9.0
6083,35.0
6084,31.0
6085,17.0
6086,11.0
6087,10.0
6088,14.0
6089,17.0
6090,28.0
6091,29.0
6092,24.0
6093,45.0
6094,19.0
6095,12.0
6096,8.0
6097,5.0
6098,11.0
6099,7.0
6100,12.0
6101,23.0
6102,39.0
6103,25.0
6104,7.0
6105,16.0
6106,16.0
6107,20.0
6108,7.0
6109,12.0
6110,15.0
6111,34.0
6112,11.0
6113,49.0
6114,20.0
6115,17.0
6116,10.0
6117,21.0
6118,7.0
6119,14.0
6120,13.0
6121,22.0
6122,12.0
6123,10.0
6124,20.0
6125,18.0
6126,20.0
6127,13.0
6128,8.0
6129,6.0
6130,10.0
6131,14.0
6132,17.0
6133,12.0
6134,30.0
6135,32.0
6136,21.0
6137,9.0
6138,9.0
6139,33.0
6140,11.0
6141,12.0
6142,25.0
6143,19.0
6144,9.0
6145,10.0
6146,13.0
6147,8.0
6148,23.0
6149,11.0
6150,12.0
6151,20.0
6152,5.0
6153,17.0
6154,17.0
6155,12.0
6156,10.0
6157,6.0
6158,9.0
6159,7.0
6160,10.0
6161,15.0
6162,20.0
6163,22.0
6164,10.0
6165,9.0
6166,10.0
6167,24.0
6168,8.0
6169,33.0
6170,23.0
6171,16.0
6172,14.0
6173,7.0
6174,11.0
6175,11.0
6176,11.0
6177,21.0
6178,7.0
6179,12.0
6180,21.0
6181,6.0
6182,27.0
6183,6.0
6184,10.0
6185,15.0
6186,12.0
6187,15.0
6188,28.0
6189,31.0
6190,9.0
6191,23.0
6192,8.0
6193,15.0
6194,23.0
6195,14.0
6196,19.0
6197,8.0
6198,9.0
6199,11.0
6200,27.0
6201,6.0
6202,9.0
6203,23.0
6204,8.0
6205,8.0
6206,16.0
6207,24.0
6208,27.0
6209,31.0
6210,12.0
6211,20.0
6212,27.0
6213,8.0
6214,16.0
6215,10.0
6216,22.0
6217,8.0
6218,31.0
6219,7.0
6220,13.0
6221,8.0
6222,14.0
6223,11.0
6224,27.0
6225,8.0
6226,16.0
6227,7.0
6228,13.0
6229,10.0
6230,11.0
6231,10.0
6232,8.0
6233,6.0
6234,34.0
6235,13.0
6236,11.0
6237,23.0
6238,31.0
6239,16.0
6240,10.0
6241,6.0
6242,24.0
6243,21.0
6244,22.0
6245,8.0
6246,11.0
6247,5.0
6248,11.0
6249,11.0
6250,53.0
6251,10.0
6252,9.0
6253,11.0
6254,18.0
6255,32.0
6256,37.0
6257,20.0
6258,8.0
6259,15.0
6260,12.0
6261,25.0
6262,12.0
6263,12.0
6264,8.0
6265,15.0
6266,11.0
6267,16.0
6268,19.0
6269,12.0
6270,12.0
6271,15.0
6272,7.0
6273,12.0
6274,18.0
6275,7.0
6276,14.0
6277,8.0
6278,12.0
6279,13.0
6280,20.0
6281,29.0
6282,8.0
6283,16.0
6284,29.0
6285,9.0
6286,8.0
6287,19.0
6288,10.0
6289,11.0
6290,50.0
6291,12.0
6292,17.0
6293,11.0
6294,6.0
6295,21.0
6296,11.0
6297,9.0
6298,12.0
6299,20.0
6300,34.0
6301,28.0
6302,10.0
6303,8.0
6304,10.0
6305,16.0
6306,9.0
6307,17.0
6308,6.0
6309,8.0
6310,10.0
6311,9.0
6312,10.0
6313,14.0
6314,9.0
6315,26.0
6316,22.0
6317,14.0
6318,13.0
6319,37.0
6320,41.0
6321,29.0
6322,12.0
6323,24.0
6324,14.0
6325,7.0
6326,7.0
6327,12.0
6328,11.0
6329,11.0
6330,5.0
6331,14.0
6332,9.0
6333,30.0
6334,14.0
6335,18.0
6336,8.0
6337,8.0
6338,22.0
6339,14.0
6340,8.0
6341,14.0
6342,14.0
6343,20.0
6344,11.0
6345,19.0
6346,23.0
6347,9.0
6348,18.0
6349,14.0
6350,7.0
6351,19.0
6352,6.0
6353,11.0
6354,4.0
6355,9.0
6356,11.0
6357,5.0
6358,9.0
6359,9.0
6360,11.0
6361,10.0
6362,16.0
6363,9.0
6364,27.0
6365,27.0
6366,19.0
6367,24.0
6368,13.0
6369,11.0
6370,10.0
6371,9.0
6372,11.0
6373,10.0
6374,8.0
6375,8.0
6376,40.0
6377,13.0
6378,12.0
6379,7.0
6380,12.0
6381,12.0
6382,7.0
6383,5.0
6384,35.0
6385,31.0
6386,11.0
6387,23.0
6388,16.0
6389,20.0
6390,26.0
6391,11.0
6392,12.0
6393,22.0
6394,12.0
6395,8.0
6396,10.0
6397,7.0
6398,12.0
6399,16.0
6400,36.0
6401,13.0
6402,20.0
6403,11.0
6404,13.0
6405,14.0
6406,11.0
6407,12.0
6408,11.0
6409,12.0
6410,20.0
6411,23.0
6412,15.0
6413,7.0
6414,11.0
6415,6.0
6416,31.0
6417,21.0
6418,19.0
6419,23.0
6420,16.0
6421,28.0
6422,9.0
6423,10.0
6424,9.0
6425,12.0
6426,5.0
6427,10.0
6428,11.0
6429,15.0
6430,17.0
6431,8.0
6432,10.0
6433,11.0
6434,7.0
6435,10.0
6436,13.0
6437,17.0
6438,10.0
6439,7.0
6440,15.0
6441,10.0
6442,6.0
6443,10.0
6444,23.0
6445,15.0
6446,13.0
6447,16.0
6448,30.0
6449,8.0
6450,11.0
6451,25.0
6452,6.0
6453,15.0
6454,9.0
6455,8.0
6456,6.0
6457,23.0
6458,20.0
6459,10.0
6460,36.0
6461,8.0
6462,16.0
6463,16.0
6464,9.0
6465,9.0
6466,14.0
6467,14.0
6468,11.0
6469,5.0
6470,7.0
6471,9.0
6472,9.0
6473,8.0
6474,11.0
6475,18.0
6476,9.0
6477,8.0
6478,22.0
6479,21.0
6480,19.0
6481,8.0
6482,16.0
6483,13.0
6484,6.0
6485,10.0
6486,30.0
6487,8.0
6488,21.0
6489,22.0
6490,8.0
6491,8.0
6492,25.0
6493,12.0
6494,13.0
6495,7.0
6496,8.0
6497,32.0
6498,16.0
6499,27.0
6500,19.0
6501,10.0
6502,33.0
6503,8.0
6504,21.0
6505,34.0
6506,30.0
6507,23.0
6508,16.0
6509,13.0
6510,45.0
6511,15.0
6512,9.0
6513,12.0
6514,17.0
6515,12.0
6516,17.0
6517,21.0
6518,6.0
6519,10.0
6520,8.0
6521,12.0
6522,17.0
6523,16.0
6524,6.0
6525,25.0
6526,6.0
6527,8.0
6528,24.0
6529,14.0
6530,16.0
6531,13.0
6532,25.0
6533,7.0
6534,20.0
6535,13.0
6536,5.0
6537,19.0
6538,7.0
6539,29.0
6540,18.0
6541,39.0
6542,8.0
6543,19.0
6544,16.0
6545,13.0
6546,13.0
6547,47.0
6548,5.0
6549,16.0
6550,19.0
6551,31.0
6552,14.0
6553,21.0
6554,15.0
6555,9.0
6556,13.0
6557,16.0
6558,27.0
6559,10.0
6560,8.0
6561,11.0
6562,19.0
6563,11.0
6564,17.0
6565,9.0
6566,18.0
6567,10.0
6568,12.0
6569,12.0
6570,9.0
6571,17.0
6572,8.0
6573,13.0
6574,9.0
6575,11.0
6576,19.0
6577,16.0
6578,9.0
6579,14.0
6580,22.0
6581,23.0
6582,13.0
6583,9.0
6584,13.0
6585,11.0
6586,10.0
6587,11.0
6588,11.0
6589,7.0
6590,20.0
6591,5.0
6592,19.0
6593,21.0
6594,12.0
6595,9.0
6596,16.0
6597,10.0
6598,13.0
6599,14.0
6600,10.0
6601,21.0
6602,10.0
6603,13.0
6604,14.0
6605,8.0
6606,9.0
6607,43.0
6608,4.0
6609,29.0
6610,7.0
6611,16.0
6612,11.0
6613,10.0
6614,14.0
6615,17.0
6616,17.0
6617,11.0
6618,11.0
6619,11.0
6620,10.0
6621,11.0
6622,12.0
6623,7.0
6624,11.0
6625,7.0
6626,11.0
6627,20.0
6628,11.0
6629,8.0
6630,16.0
6631,22.0
6632,14.0
6633,10.0
6634,10.0
6635,18.0
6636,33.0
6637,10.0
6638,12.0
6639,30.0
6640,10.0
6641,11.0
6642,9.0
6643,8.0
6644,16.0
6645,18.0
6646,13.0
6647,11.0
6648,18.0
6649,29.0
6650,13.0
6651,23.0
6652,11.0
6653,8.0
6654,8.0
6655,6.0
6656,17.0
6657,9.0
6658,80.0
6659,13.0
6660,16.0
6661,8.0
6662,10.0
6663,15.0
6664,3.0
6665,7.0
6666,6.0
6667,7.0
6668,21.0
6669,9.0
6670,8.0
6671,29.0
6672,14.0
6673,12.0
6674,10.0
6675,17.0
6676,17.0
6677,8.0
6678,5.0
6679,9.0
6680,19.0
6681,8.0
6682,11.0
6683,11.0
6684,12.0
6685,19.0
6686,7.0
6687,10.0
6688,13.0
6689,10.0
6690,10.0
6691,13.0
6692,34.0
6693,13.0
6694,5.0
6695,13.0
6696,9.0
6697,11.0
6698,10.0
6699,25.0
6700,11.0
6701,24.0
6702,13.0
6703,16.0
6704,18.0
6705,7.0
6706,16.0
6707,7.0
6708,8.0
6709,29.0
6710,50.0
6711,10.0
6712,8.0
6713,9.0
6714,6.0
6715,21.0
6716,21.0
6717,8.0
6718,7.0
6719,12.0
6720,20.0
6721,13.0
6722,12.0
6723,12.0
6724,17.0
6725,42.0
6726,8.0
6727,11.0
6728,26.0
6729,7.0
6730,20.0
6731,11.0
6732,13.0
6733,9.0
6734,12.0
6735,19.0
6736,10.0
6737,11.0
6738,9.0
6739,13.0
6740,20.0
6741,16.0
6742,7.0
6743,22.0
6744,14.0
6745,21.0
6746,10.0
6747,8.0
6748,14.0
6749,12.0
6750,11.0
6751,11.0
6752,9.0
6753,11.0
6754,9.0
6755,24.0
6756,7.0
6757,11.0
6758,8.0
6759,21.0
6760,13.0
6761,22.0
6762,9.0
6763,10.0
6764,10.0
6765,8.0
6766,12.0
6767,8.0
6768,18.0
6769,12.0
6770,16.0
6771,17.0
6772,10.0
6773,11.0
6774,10.0
6775,15.0
6776,21.0
6777,17.0
6778,13.0
6779,11.0
6780,15.0
6781,17.0
6782,8.0
6783,18.0
6784,20.0
6785,16.0
6786,13.0
6787,11.0
6788,30.0
6789,28.0
6790,14.0
6791,6.0
6792,9.0
6793,15.0
6794,11.0
6795,14.0
6796,10.0
6797,16.0
6798,15.0
6799,16.0
6800,12.0
6801,11.0
6802,11.0
6803,7.0
6804,34.0
6805,7.0
6806,15.0
6807,9.0
6808,7.0
6809,12.0
6810,17.0
6811,28.0
6812,11.0
6813,24.0
6814,10.0
6815,19.0
6816,8.0
6817,11.0
6818,14.0
6819,11.0
6820,8.0
6821,14.0
6822,19.0
6823,9.0
6824,19.0
6825,8.0
6826,21.0
6827,20.0
6828,13.0
6829,10.0
6830,10.0
6831,7.0
6832,24.0
6833,7.0
6834,12.0
6835,11.0
6836,12.0
6837,12.0
6838,16.0
6839,12.0
6840,9.0
6841,14.0
6842,22.0
6843,16.0
6844,7.0
6845,10.0
6846,9.0
6847,9.0
6848,15.0
6849,21.0
6850,13.0
6851,13.0
6852,6.0
6853,20.0
6854,10.0
6855,12.0
6856,11.0
6857,10.0
6858,12.0
6859,5.0
6860,7.0
6861,16.0
6862,12.0
6863,13.0
6864,13.0
6865,10.0
6866,24.0
6867,14.0
6868,29.0
6869,13.0
6870,21.0
6871,7.0
6872,32.0
6873,36.0
6874,12.0
6875,33.0
6876,17.0
6877,10.0
6878,30.0
6879,23.0
6880,11.0
6881,9.0
6882,12.0
6883,9.0
6884,7.0
6885,10.0
6886,6.0
6887,5.0
6888,10.0
6889,16.0
6890,8.0
6891,15.0
6892,16.0
6893,18.0
6894,15.0
6895,8.0
6896,13.0
6897,7.0
6898,12.0
6899,8.0
6900,8.0
6901,7.0
6902,26.0
6903,11.0
6904,38.0
6905,12.0
6906,8.0
6907,10.0
6908,12.0
6909,12.0
6910,8.0
6911,8.0
6912,21.0
6913,12.0
6914,15.0
6915,13.0
6916,44.0
6917,13.0
6918,10.0
6919,15.0
6920,10.0
6921,9.0
6922,9.0
6923,9.0
6924,7.0
6925,7.0
6926,8.0
6927,16.0
6928,9.0
6929,12.0
6930,10.0
6931,16.0
6932,15.0
6933,15.0
6934,23.0
6935,11.0
6936,7.0
6937,11.0
6938,11.0
6939,7.0
6940,19.0
6941,25.0
6942,21.0
6943,10.0
6944,14.0
6945,11.0
6946,9.0
6947,13.0
6948,38.0
6949,16.0
6950,12.0
6951,14.0
6952,6.0
6953,10.0
6954,14.0
6955,14.0
6956,12.0
6957,9.0
6958,30.0
6959,13.0
6960,5.0
6961,7.0
6962,17.0
6963,15.0
6964,11.0
6965,17.0
6966,21.0
6967,7.0
6968,8.0
6969,9.0
6970,9.0
6971,12.0
6972,12.0
6973,11.0
6974,10.0
6975,11.0
6976,10.0
6977,19.0
6978,10.0
6979,4.0
6980,10.0
6981,17.0
6982,8.0
6983,16.0
6984,19.0
6985,10.0
6986,24.0
6987,9.0
6988,11.0
6989,23.0
6990,12.0
6991,6.0
6992,12.0
6993,17.0
6994,14.0
6995,11.0
6996,5.0
6997,8.0
6998,17.0
6999,6.0
7000,13.0
7001,14.0
7002,3.0
7003,10.0
7004,16.0
7005,11.0
7006,10.0
7007,19.0
7008,15.0
7009,11.0
7010,9.0
7011,11.0
7012,11.0
7013,9.0
7014,10.0
7015,9.0
7016,6.0
7017,17.0
7018,11.0
7019,21.0
7020,6.0
7021,12.0
7022,23.0
7023,14.0
7024,10.0
7025,27.0
7026,12.0
7027,11.0
7028,19.0
7029,14.0
7030,13.0
7031,27.0
7032,6.0
7033,7.0
7034,12.0
7035,11.0
7036,8.0
7037,17.0
7038,15.0
7039,22.0
7040,8.0
7041,9.0
7042,13.0
7043,13.0
7044,9.0
7045,13.0
7046,14.0
7047,11.0
7048,10.0
7049,6.0
7050,8.0
7051,8.0
7052,20.0
7053,13.0
7054,25.0
7055,15.0
7056,8.0
7057,16.0
7058,9.0
7059,16.0
7060,24.0
7061,9.0
7062,8.0
7063,8.0
7064,14.0
7065,14.0
7066,21.0
7067,24.0
7068,10.0
7069,4.0
7070,22.0
7071,20.0
7072,15.0
7073,8.0
7074,25.0
7075,22.0
7076,7.0
7077,10.0
7078,11.0
7079,14.0
7080,11.0
7081,17.0
7082,8.0
7083,17.0
7084,9.0
7085,14.0
7086,8.0
7087,9.0
7088,10.0
7089,11.0
7090,8.0
7091,10.0
7092,17.0
7093,13.0
7094,8.0
7095,9.0
7096,15.0
7097,11.0
7098,15.0
7099,15.0
7100,48.0
7101,42.0
7102,20.0
7103,22.0
7104,13.0
7105,10.0
7106,11.0
7107,10.0
7108,7.0
7109,8.0
7110,9.0
7111,13.0
7112,13.0
7113,19.0
7114,12.0
7115,9.0
7116,12.0
7117,9.0
7118,9.0
7119,9.0
7120,13.0
7121,7.0
7122,8.0
7123,14.0
7124,13.0
7125,12.0
7126,11.0
7127,10.0
7128,14.0
7129,8.0
7130,10.0
7131,11.0
7132,11.0
7133,11.0
7134,12.0
7135,10.0
7136,15.0
7137,6.0
7138,15.0
7139,9.0
7140,28.0
7141,7.0
7142,4.0
7143,9.0
7144,29.0
7145,11.0
7146,15.0
7147,12.0
7148,10.0
7149,23.0
7150,16.0
7151,10.0
7152,6.0
7153,8.0
7154,7.0
7155,18.0
7156,10.0
7157,9.0
7158,9.0
7159,12.0
7160,10.0
7161,12.0
7162,15.0
7163,21.0
7164,16.0
7165,10.0
7166,10.0
7167,18.0
7168,11.0
7169,24.0
7170,10.0
7171,10.0
7172,13.0
7173,6.0
7174,11.0
7175,9.0
7176,12.0
7177,12.0
7178,7.0
7179,12.0
7180,19.0
7181,9.0
7182,4.0
7183,20.0
7184,11.0
7185,20.0
7186,10.0
7187,9.0
7188,10.0
7189,12.0
7190,13.0
7191,9.0
7192,8.0
7193,17.0
7194,8.0
7195,16.0
7196,10.0
7197,7.0
7198,9.0
7199,11.0
7200,7.0
7201,11.0
7202,9.0
7203,17.0
7204,18.0
7205,9.0
7206,15.0
7207,21.0
7208,8.0
7209,18.0
7210,7.0
7211,11.0
7212,9.0
7213,11.0
7214,11.0
7215,10.0
7216,8.0
7217,5.0
7218,36.0
7219,13.0
7220,10.0
7221,10.0
7222,9.0
7223,13.0
7224,12.0
7225,14.0
7226,10.0
7227,6.0
7228,9.0
7229,15.0
7230,18.0
7231,13.0
7232,13.0
7233,7.0
7234,10.0
7235,25.0
7236,5.0
7237,11.0
7238,13.0
7239,17.0
7240,9.0
7241,9.0
7242,10.0
7243,10.0
7244,5.0
7245,27.0
7246,14.0
7247,14.0
7248,11.0
7249,23.0
7250,12.0
7251,4.0
7252,12.0
7253,24.0
7254,8.0
7255,6.0
7256,15.0
7257,9.0
7258,15.0
7259,11.0
7260,4.0
7261,14.0
7262,12.0
7263,11.0
7264,11.0
7265,14.0
7266,14.0
7267,15.0
7268,13.0
7269,7.0
7270,20.0
7271,10.0
7272,18.0
7273,14.0
7274,11.0
7275,9.0
7276,10.0
7277,12.0
7278,15.0
7279,12.0
7280,14.0
7281,9.0
7282,17.0
7283,9.0
7284,21.0
7285,21.0
7286,15.0
7287,10.0
7288,13.0
7289,8.0
7290,5.0
7291,6.0
7292,7.0
7293,9.0
7294,12.0
7295,11.0
7296,12.0
7297,18.0
7298,17.0
7299,9.0
7300,12.0
7301,9.0
7302,13.0
7303,12.0
7304,12.0
7305,10.0
7306,19.0
7307,10.0
7308,12.0
7309,10.0
7310,13.0
7311,17.0
7312,10.0
7313,10.0
7314,10.0
7315,10.0
7316,11.0
7317,6.0
7318,14.0
7319,25.0
7320,19.0
7321,14.0
7322,15.0
7323,18.0
7324,6.0
7325,9.0
7326,14.0
7327,12.0
7328,15.0
7329,16.0
7330,15.0
7331,7.0
7332,23.0
7333,8.0
7334,6.0
7335,18.0
7336,9.0
7337,10.0
7338,9.0
7339,18.0
7340,11.0
7341,10.0
7342,19.0
7343,13.0
7344,7.0
7345,11.0
7346,14.0
7347,16.0
7348,14.0
7349,7.0
7350,10.0
7351,19.0
7352,10.0
7353,10.0
7354,4.0
7355,8.0
7356,11.0
7357,11.0
7358,19.0
7359,6.0
7360,10.0
7361,9.0
7362,22.0
7363,19.0
7364,11.0
7365,8.0
7366,9.0
7367,12.0
7368,9.0
7369,8.0
7370,4.0
7371,7.0
7372,13.0
7373,15.0
7374,11.0
7375,11.0
7376,8.0
7377,14.0
7378,6.0
7379,12.0
7380,8.0
7381,23.0
7382,16.0
7383,8.0
7384,10.0
7385,8.0
7386,10.0
7387,11.0
7388,10.0
7389,8.0
7390,8.0
7391,11.0
7392,8.0
7393,7.0
7394,16.0
7395,11.0
7396,9.0
7397,8.0
7398,30.0
7399,8.0
7400,15.0
7401,7.0
7402,9.0
7403,5.0
7404,10.0
7405,9.0
7406,9.0
7407,17.0
7408,15.0
7409,9.0
7410,8.0
7411,26.0
7412,8.0
7413,14.0
7414,11.0
7415,11.0
7416,13.0
7417,11.0
7418,7.0
7419,19.0
7420,8.0
7421,19.0
7422,8.0
7423,10.0
7424,14.0
7425,9.0
7426,20.0
7427,8.0
7428,7.0
7429,13.0
7430,7.0
7431,7.0
7432,14.0
7433,15.0
7434,9.0
7435,13.0
7436,11.0
7437,9.0
7438,13.0
7439,9.0
7440,10.0
7441,8.0
7442,8.0
7443,8.0
7444,5.0
7445,15.0
7446,11.0
7447,8.0
7448,8.0
7449,11.0
7450,9.0
7451,10.0
7452,7.0
7453,14.0
7454,10.0
7455,7.0
7456,8.0
7457,7.0
7458,13.0
7459,13.0
7460,10.0
7461,9.0
7462,7.0
7463,8.0
7464,11.0
7465,15.0
7466,10.0
7467,7.0
7468,8.0
7469,8.0
7470,7.0
7471,7.0
7472,9.0
7473,5.0
7474,34.0
7475,9.0
7476,11.0
7477,8.0
7478,4.0
7479,18.0
7480,10.0
7481,7.0
7482,13.0
7483,12.0
7484,5.0
7485,12.0
7486,11.0
7487,8.0
7488,6.0
7489,11.0
7490,7.0
7491,12.0
7492,7.0
7493,7.0
7494,8.0
7495,9.0
7496,9.0
7497,13.0
7498,8.0
7499,7.0
7500,16.0
7501,13.0
7502,7.0
7503,9.0
7504,11.0
7505,7.0
7506,7.0
7507,9.0
7508,10.0
7509,8.0
7510,7.0
7511,22.0
7512,19.0
7513,11.0
7514,8.0
7515,9.0
7516,10.0
7517,8.0
7518,20.0
7519,10.0
7520,11.0
7521,11.0
7522,12.0
7523,8.0
7524,7.0
7525,11.0
7526,10.0
7527,8.0
7528,6.0
7529,12.0
7530,8.0
7531,11.0
7532,6.0
7533,9.0
7534,8.0
7535,7.0
7536,4.0
7537,7.0
7538,10.0
7539,6.0
7540,6.0
7541,17.0
7542,6.0
7543,16.0
7544,12.0
7545,14.0
7546,16.0
7547,18.0
7548,12.0
7549,9.0
7550,14.0
7551,8.0
7552,24.0
7553,9.0
7554,19.0
7555,18.0
7556,12.0
7557,11.0
7558,12.0
7559,7.0
7560,14.0
7561,8.0
7562,19.0
7563,5.0
7564,12.0
7565,9.0
7566,12.0
7567,12.0
7568,8.0
7569,10.0
7570,17.0
7571,10.0
7572,7.0
7573,11.0
7574,7.0
7575,10.0
7576,10.0
7577,9.0
7578,9.0
7579,9.0
7580,3.0
7581,11.0
7582,10.0
7583,11.0
7584,9.0
7585,12.0
7586,20.0
7587,8.0
7588,14.0
7589,10.0
7590,4.0
7591,16.0
7592,7.0
7593,15.0
7594,12.0
7595,7.0
7596,11.0
7597,7.0
7598,6.0
7599,8.0
7600,12.0
7601,6.0
7602,12.0
7603,6.0
7604,11.0
7605,13.0
7606,15.0
7607,10.0
7608,7.0
7609,9.0
7610,11.0
7611,13.0
7612,26.0
7613,6.0
7614,8.0
7615,10.0
7616,10.0
7617,10.0
7618,9.0
7619,14.0
7620,10.0
7621,14.0
7622,8.0
7623,6.0
7624,17.0
7625,10.0
7626,7.0
7627,8.0
7628,10.0
7629,10.0
7630,13.0
7631,8.0
7632,6.0
7633,7.0
7634,11.0
7635,13.0
7636,10.0
7637,9.0
7638,10.0
7639,14.0
7640,14.0
7641,5.0
7642,17.0
7643,7.0
7644,13.0
7645,13.0
7646,16.0
7647,10.0
7648,9.0
7649,9.0
7650,18.0
7651,10.0
7652,10.0
7653,7.0
7654,8.0
7655,10.0
7656,8.0
7657,3.0
7658,7.0
7659,8.0
7660,19.0
7661,11.0
7662,10.0
7663,16.0
7664,10.0
7665,6.0
7666,9.0
7667,4.0
7668,5.0
7669,13.0
7670,8.0
7671,9.0
7672,8.0
7673,8.0
7674,8.0
7675,8.0
7676,10.0
7677,7.0
7678,9.0
7679,9.0
7680,9.0
7681,10.0
7682,13.0
7683,14.0
7684,9.0
7685,15.0
7686,8.0
7687,12.0
7688,7.0
7689,3.0
7690,9.0
7691,12.0
7692,6.0
7693,11.0
7694,8.0
7695,11.0
7696,12.0
7697,11.0
7698,14.0
7699,20.0
7700,7.0
7701,13.0
7702,6.0
7703,9.0
7704,8.0
7705,6.0
7706,10.0
7707,13.0
7708,8.0
7709,8.0
7710,10.0
7711,17.0
7712,10.0
7713,9.0
7714,11.0
7715,10.0
7716,11.0
7717,8.0
7718,7.0
7719,4.0
7720,7.0
7721,11.0
7722,7.0
7723,8.0
7724,7.0
7725,9.0
7726,11.0
7727,13.0
7728,10.0
7729,26.0
7730,11.0
7731,9.0
7732,9.0
7733,13.0
7734,6.0
7735,10.0
7736,10.0
7737,8.0
7738,5.0
7739,6.0
7740,8.0
7741,10.0
7742,9.0
7743,7.0
7744,9.0
7745,9.0
7746,10.0
7747,4.0
7748,9.0
7749,9.0
7750,15.0
7751,8.0
7752,9.0
7753,13.0
7754,9.0
7755,8.0
7756,16.0
7757,11.0
7758,3.0
7759,11.0
7760,6.0
7761,5.0
7762,7.0
7763,8.0
7764,5.0
7765,10.0
7766,12.0
7767,8.0
7768,8.0
7769,14.0
7770,6.0
7771,7.0
7772,7.0
7773,8.0
7774,8.0
7775,18.0
7776,3.0
7777,15.0
7778,10.0
7779,10.0
7780,8.0
7781,12.0
7782,9.0
7783,9.0
7784,12.0
7785,7.0
7786,10.0
7787,6.0
7788,6.0
7789,15.0
7790,9.0
7791,11.0
7792,6.0
7793,8.0
7794,14.0
7795,19.0
7796,14.0
7797,15.0
7798,8.0
7799,10.0
7800,6.0
7801,8.0
7802,22.0
7803,10.0
7804,10.0
7805,13.0
7806,7.0
7807,9.0
7808,16.0
7809,16.0
7810,9.0
7811,8.0
7812,9.0
7813,14.0
7814,11.0
7815,8.0
7816,9.0
7817,8.0
7818,7.0
7819,7.0
7820,9.0
7821,9.0
7822,9.0
7823,5.0
7824,13.0
7825,8.0
7826,16.0
7827,5.0
7828,9.0
7829,9.0
7830,4.0
7831,9.0
7832,6.0
7833,8.0
7834,9.0
7835,6.0
7836,11.0
7837,9.0
7838,15.0
7839,9.0
7840,8.0
7841,10.0
7842,11.0
7843,8.0
7844,8.0
7845,9.0
7846,7.0
7847,6.0
7848,13.0
7849,15.0
7850,6.0
7851,10.0
7852,13.0
7853,8.0
7854,8.0
7855,10.0
7856,7.0
7857,7.0
7858,12.0
7859,2.0
7860,8.0
7861,10.0
7862,11.0
7863,6.0
7864,8.0
7865,6.0
7866,9.0
7867,10.0
7868,9.0
7869,9.0
7870,5.0
7871,8.0
7872,7.0
7873,11.0
7874,8.0
7875,10.0
7876,9.0
7877,10.0
7878,8.0
7879,9.0
7880,8.0
7881,6.0
7882,7.0
7883,10.0
7884,7.0
7885,8.0
7886,13.0
7887,8.0
7888,7.0
7889,13.0
7890,5.0
7891,10.0
7892,10.0
7893,13.0
7894,7.0
7895,5.0
7896,5.0
7897,7.0
7898,10.0
7899,8.0
7900,11.0
7901,6.0
7902,9.0
7903,4.0
7904,8.0
7905,6.0
7906,8.0
7907,3.0
7908,30.0
7909,12.0
7910,5.0
7911,3.0
7912,10.0
7913,5.0
7914,7.0
7915,6.0
7916,10.0
7917,5.0
7918,8.0
7919,11.0
7920,11.0
7921,10.0
7922,7.0
7923,8.0
7924,4.0
7925,7.0
7926,8.0
7927,5.0
7928,6.0
7929,10.0
7930,11.0
7931,11.0
7932,10.0
7933,7.0
7934,5.0
7935,6.0
7936,11.0
7937,12.0
7938,9.0
7939,7.0
7940,6.0
7941,13.0
7942,6.0
7943,10.0
7944,7.0
7945,8.0
7946,10.0
7947,4.0
7948,8.0
7949,7.0
7950,7.0
7951,6.0
7952,7.0
7953,7.0
7954,7.0
7955,8.0
7956,2.0
7957,13.0
7958,6.0
7959,7.0
7960,7.0
7961,3.0
7962,5.0
7963,6.0
7964,6.0
7965,1.0
7966,6.0
7967,9.0
7968,8.0
7969,4.0
7970,7.0
7971,6.0
7972,4.0
